[
	["#F00",[-0.094932,-0.158095,-2.151842],[-0.131358,-0.185499,-2.212905],[-0.134049,-0.254363,-2.180395]],
	["#F00",[-0.134049,-0.254363,-2.180395],[-0.097622,-0.22696,-2.119332],[-0.094932,-0.158095,-2.151842]],
	["#F00",[-0.030747,-0.244657,-2.151284],[-0.067174,-0.27206,-2.212347],[-0.064483,-0.203196,-2.244857]],
	["#F00",[-0.064483,-0.203196,-2.244857],[-0.028056,-0.175792,-2.183794],[-0.030747,-0.244657,-2.151284]],
	["#F00",[-0.134049,-0.254363,-2.180395],[-0.131358,-0.185499,-2.212905],[-0.064483,-0.203196,-2.244857]],
	["#F00",[-0.064483,-0.203196,-2.244857],[-0.067174,-0.27206,-2.212347],[-0.134049,-0.254363,-2.180395]],
	["#F00",[-0.083743,-0.283942,-2.149585],[-0.030747,-0.244657,-2.151284],[-0.097622,-0.22696,-2.119332]],
	["#F00",[-0.064483,-0.203196,-2.244857],[-0.131358,-0.185499,-2.212905],[-0.094932,-0.158095,-2.151842]],
	["#F00",[-0.094932,-0.158095,-2.151842],[-0.028056,-0.175792,-2.183794],[-0.064483,-0.203196,-2.244857]],
	["#F00",[-0.097622,-0.22696,-2.119332],[-0.030747,-0.244657,-2.151284],[-0.028056,-0.175792,-2.183794]],
	["#F00",[-0.028056,-0.175792,-2.183794],[-0.094932,-0.158095,-2.151842],[-0.097622,-0.22696,-2.119332]],
	["#F00",[-0.030747,-0.244657,-2.151284],[-0.083743,-0.283942,-2.149585],[-0.067174,-0.27206,-2.212347]],
	["#F00",[-0.097622,-0.22696,-2.119332],[-0.134049,-0.254363,-2.180395],[-0.083743,-0.283942,-2.149585]],
	["#F00",[-0.134049,-0.254363,-2.180395],[-0.067174,-0.27206,-2.212347],[-0.083743,-0.283942,-2.149585]],
	["#F00",[-0.042191,-0.209095,-2.255507],[-0.044882,-0.277959,-2.222997],[-0.008455,-0.250556,-2.161935]],
	["#F00",[-0.008455,-0.250556,-2.161935],[-0.005765,-0.181691,-2.194445],[-0.042191,-0.209095,-2.255507]],
	["#F00",[-0.005765,-0.181691,-2.194445],[-0.008455,-0.250556,-2.161935],[0.05842,-0.268253,-2.193887]],
	["#F00",[0.05842,-0.268253,-2.193887],[0.061111,-0.199389,-2.226397],[-0.005765,-0.181691,-2.194445]],
	["#F00",[0.061111,-0.199389,-2.226397],[0.05842,-0.268253,-2.193887],[0.021994,-0.295656,-2.25495]],
	["#F00",[0.021994,-0.295656,-2.25495],[0.024684,-0.226792,-2.28746],[0.061111,-0.199389,-2.226397]],
	["#F00",[-0.044882,-0.277959,-2.222997],[-0.042191,-0.209095,-2.255507],[0.024684,-0.226792,-2.28746]],
	["#F00",[0.024684,-0.226792,-2.28746],[0.021994,-0.295656,-2.25495],[-0.044882,-0.277959,-2.222997]],
	["#F00",[0.024684,-0.226792,-2.28746],[-0.042191,-0.209095,-2.255507],[-0.005765,-0.181691,-2.194445]],
	["#F00",[-0.005765,-0.181691,-2.194445],[0.061111,-0.199389,-2.226397],[0.024684,-0.226792,-2.28746]],
	["#F00",[0.011844,-0.280623,-2.223945],[0.020648,-0.330089,-2.238695],[0.057075,-0.302685,-2.177632]],
	["#F00",[0.057075,-0.302685,-2.177632],[0.023986,-0.271488,-2.203591],[0.011844,-0.280623,-2.223945]],
	["#F00",[0.023986,-0.271488,-2.203591],[0.057075,-0.302685,-2.177632],[-0.009801,-0.284988,-2.14568]],
	["#F00",[-0.009801,-0.284988,-2.14568],[0.001694,-0.265589,-2.19294],[0.023986,-0.271488,-2.203591]],
	["#F00",[0.001694,-0.265589,-2.19294],[-0.009801,-0.284988,-2.14568],[-0.046227,-0.312391,-2.206743]],
	["#F00",[-0.046227,-0.312391,-2.206743],[-0.010448,-0.274724,-2.213294],[0.001694,-0.265589,-2.19294]],
	["#F00",[-0.046227,-0.312391,-2.206743],[0.020648,-0.330089,-2.238695],[0.011844,-0.280623,-2.223945]],
	["#F00",[0.011844,-0.280623,-2.223945],[-0.010448,-0.274724,-2.213294],[-0.046227,-0.312391,-2.206743]],
	["#F00",[0.021994,-0.295656,-2.25495],[0.05842,-0.268253,-2.193887],[0.023986,-0.271488,-2.203591]],
	["#F00",[0.023986,-0.271488,-2.203591],[0.011844,-0.280623,-2.223945],[0.021994,-0.295656,-2.25495]],
	["#F00",[0.05842,-0.268253,-2.193887],[-0.008455,-0.250556,-2.161935],[0.001694,-0.265589,-2.19294]],
	["#F00",[0.001694,-0.265589,-2.19294],[0.023986,-0.271488,-2.203591],[0.05842,-0.268253,-2.193887]],
	["#F00",[-0.008455,-0.250556,-2.161935],[-0.044882,-0.277959,-2.222997],[-0.010448,-0.274724,-2.213294]],
	["#F00",[-0.010448,-0.274724,-2.213294],[0.001694,-0.265589,-2.19294],[-0.008455,-0.250556,-2.161935]],
	["#F00",[-0.044882,-0.277959,-2.222997],[0.021994,-0.295656,-2.25495],[0.011844,-0.280623,-2.223945]],
	["#F00",[0.011844,-0.280623,-2.223945],[-0.010448,-0.274724,-2.213294],[-0.044882,-0.277959,-2.222997]],
	["#F00",[-0.046227,-0.312391,-2.206743],[-0.009801,-0.284988,-2.14568],[0.057075,-0.302685,-2.177632]],
	["#F00",[0.057075,-0.302685,-2.177632],[0.020648,-0.330089,-2.238695],[-0.046227,-0.312391,-2.206743]],
	["#F00",[-0.362433,-0.087307,-2.024034],[-0.39886,-0.11471,-2.085096],[-0.40155,-0.183574,-2.052586]],
	["#F00",[-0.40155,-0.183574,-2.052586],[-0.365124,-0.156171,-1.991524],[-0.362433,-0.087307,-2.024034]],
	["#F00",[-0.298248,-0.173868,-2.023476],[-0.334675,-0.201272,-2.084538],[-0.331984,-0.132407,-2.117048]],
	["#F00",[-0.331984,-0.132407,-2.117048],[-0.295558,-0.105004,-2.055986],[-0.298248,-0.173868,-2.023476]],
	["#F00",[-0.40155,-0.183574,-2.052586],[-0.39886,-0.11471,-2.085096],[-0.331984,-0.132407,-2.117048]],
	["#F00",[-0.331984,-0.132407,-2.117048],[-0.334675,-0.201272,-2.084538],[-0.40155,-0.183574,-2.052586]],
	["#F00",[-0.351245,-0.213153,-2.021776],[-0.298248,-0.173868,-2.023476],[-0.365124,-0.156171,-1.991524]],
	["#F00",[-0.331984,-0.132407,-2.117048],[-0.39886,-0.11471,-2.085096],[-0.362433,-0.087307,-2.024034]],
	["#F00",[-0.362433,-0.087307,-2.024034],[-0.295558,-0.105004,-2.055986],[-0.331984,-0.132407,-2.117048]],
	["#F00",[-0.365124,-0.156171,-1.991524],[-0.298248,-0.173868,-2.023476],[-0.295558,-0.105004,-2.055986]],
	["#F00",[-0.295558,-0.105004,-2.055986],[-0.362433,-0.087307,-2.024034],[-0.365124,-0.156171,-1.991524]],
	["#F00",[-0.298248,-0.173868,-2.023476],[-0.351245,-0.213153,-2.021776],[-0.334675,-0.201272,-2.084538]],
	["#F00",[-0.365124,-0.156171,-1.991524],[-0.40155,-0.183574,-2.052586],[-0.351245,-0.213153,-2.021776]],
	["#F00",[-0.40155,-0.183574,-2.052586],[-0.334675,-0.201272,-2.084538],[-0.351245,-0.213153,-2.021776]],
	["#F00",[-0.488027,-0.091114,-2.042493],[-0.490717,-0.159978,-2.009983],[-0.454291,-0.132575,-1.948921]],
	["#F00",[-0.454291,-0.132575,-1.948921],[-0.4516,-0.06371,-1.981431],[-0.488027,-0.091114,-2.042493]],
	["#F00",[-0.4516,-0.06371,-1.981431],[-0.454291,-0.132575,-1.948921],[-0.387415,-0.150272,-1.980873]],
	["#F00",[-0.387415,-0.150272,-1.980873],[-0.384725,-0.081408,-2.013383],[-0.4516,-0.06371,-1.981431]],
	["#F00",[-0.384725,-0.081408,-2.013383],[-0.387415,-0.150272,-1.980873],[-0.423842,-0.177675,-2.041935]],
	["#F00",[-0.423842,-0.177675,-2.041935],[-0.421151,-0.108811,-2.074445],[-0.384725,-0.081408,-2.013383]],
	["#F00",[-0.490717,-0.159978,-2.009983],[-0.488027,-0.091114,-2.042493],[-0.421151,-0.108811,-2.074445]],
	["#F00",[-0.421151,-0.108811,-2.074445],[-0.423842,-0.177675,-2.041935],[-0.490717,-0.159978,-2.009983]],
	["#F00",[-0.421151,-0.108811,-2.074445],[-0.488027,-0.091114,-2.042493],[-0.4516,-0.06371,-1.981431]],
	["#F00",[-0.4516,-0.06371,-1.981431],[-0.384725,-0.081408,-2.013383],[-0.421151,-0.108811,-2.074445]],
	["#F00",[-0.433992,-0.162642,-2.010931],[-0.425187,-0.212108,-2.025681],[-0.388761,-0.184704,-1.964618]],
	["#F00",[-0.388761,-0.184704,-1.964618],[-0.421849,-0.153507,-1.990577],[-0.433992,-0.162642,-2.010931]],
	["#F00",[-0.421849,-0.153507,-1.990577],[-0.388761,-0.184704,-1.964618],[-0.455636,-0.167007,-1.932666]],
	["#F00",[-0.455636,-0.167007,-1.932666],[-0.444141,-0.147608,-1.979926],[-0.421849,-0.153507,-1.990577]],
	["#F00",[-0.444141,-0.147608,-1.979926],[-0.455636,-0.167007,-1.932666],[-0.492063,-0.19441,-1.993728]],
	["#F00",[-0.492063,-0.19441,-1.993728],[-0.456283,-0.156743,-2.00028],[-0.444141,-0.147608,-1.979926]],
	["#F00",[-0.492063,-0.19441,-1.993728],[-0.425187,-0.212108,-2.025681],[-0.433992,-0.162642,-2.010931]],
	["#F00",[-0.433992,-0.162642,-2.010931],[-0.456283,-0.156743,-2.00028],[-0.492063,-0.19441,-1.993728]],
	["#F00",[-0.423842,-0.177675,-2.041935],[-0.387415,-0.150272,-1.980873],[-0.421849,-0.153507,-1.990577]],
	["#F00",[-0.421849,-0.153507,-1.990577],[-0.433992,-0.162642,-2.010931],[-0.423842,-0.177675,-2.041935]],
	["#F00",[-0.387415,-0.150272,-1.980873],[-0.454291,-0.132575,-1.948921],[-0.444141,-0.147608,-1.979926]],
	["#F00",[-0.444141,-0.147608,-1.979926],[-0.421849,-0.153507,-1.990577],[-0.387415,-0.150272,-1.980873]],
	["#F00",[-0.454291,-0.132575,-1.948921],[-0.490717,-0.159978,-2.009983],[-0.456283,-0.156743,-2.00028]],
	["#F00",[-0.456283,-0.156743,-2.00028],[-0.444141,-0.147608,-1.979926],[-0.454291,-0.132575,-1.948921]],
	["#F00",[-0.490717,-0.159978,-2.009983],[-0.423842,-0.177675,-2.041935],[-0.433992,-0.162642,-2.010931]],
	["#F00",[-0.433992,-0.162642,-2.010931],[-0.456283,-0.156743,-2.00028],[-0.490717,-0.159978,-2.009983]],
	["#F00",[-0.492063,-0.19441,-1.993728],[-0.455636,-0.167007,-1.932666],[-0.388761,-0.184704,-1.964618]],
	["#F00",[-0.388761,-0.184704,-1.964618],[-0.425187,-0.212108,-2.025681],[-0.492063,-0.19441,-1.993728]],
	["#F00",[0.083402,-0.205288,-2.237048],[0.046976,-0.232691,-2.29811],[0.04294,-0.335988,-2.249346]],
	["#F00",[0.04294,-0.335988,-2.249346],[0.055082,-0.326853,-2.228991],[0.055979,-0.303898,-2.239828]],
	["#F00",[0.068121,-0.294764,-2.219474],[0.067224,-0.317719,-2.208637],[0.079367,-0.308584,-2.188283]],
	["#F00",[0.083402,-0.205288,-2.237048],[0.04294,-0.335988,-2.249346],[0.055979,-0.303898,-2.239828]],
	["#F00",[0.068121,-0.294764,-2.219474],[0.079367,-0.308584,-2.188283],[0.083402,-0.205288,-2.237048]],
	["#F00",[0.055979,-0.303898,-2.239828],[0.068121,-0.294764,-2.219474],[0.083402,-0.205288,-2.237048]],
	["#F00",[0.113851,-0.250388,-2.330063],[0.046976,-0.232691,-2.29811],[0.083402,-0.205288,-2.237048]],
	["#F00",[0.083402,-0.205288,-2.237048],[0.150278,-0.222985,-2.269],[0.113851,-0.250388,-2.330063]],
	["#F00",[0.046976,-0.232691,-2.29811],[0.113851,-0.250388,-2.330063],[0.109815,-0.353685,-2.281298]],
	["#F00",[0.109815,-0.353685,-2.281298],[0.087524,-0.347786,-2.270647],[0.088421,-0.324831,-2.281484]],
	["#F00",[0.066129,-0.318932,-2.270833],[0.065232,-0.341887,-2.259996],[0.04294,-0.335988,-2.249346]],
	["#F00",[0.046976,-0.232691,-2.29811],[0.109815,-0.353685,-2.281298],[0.088421,-0.324831,-2.281484]],
	["#F00",[0.066129,-0.318932,-2.270833],[0.04294,-0.335988,-2.249346],[0.046976,-0.232691,-2.29811]],
	["#F00",[0.088421,-0.324831,-2.281484],[0.066129,-0.318932,-2.270833],[0.046976,-0.232691,-2.29811]],
	["#F00",[0.055082,-0.326853,-2.228991],[0.04294,-0.335988,-2.249346],[0.065232,-0.341887,-2.259996]],
	["#F00",[0.065232,-0.341887,-2.259996],[0.077374,-0.332752,-2.239642],[0.055082,-0.326853,-2.228991]],
	["#F00",[0.101658,-0.314483,-2.198934],[0.079367,-0.308584,-2.188283],[0.067224,-0.317719,-2.208637]],
	["#F00",[0.067224,-0.317719,-2.208637],[0.089516,-0.323618,-2.219288],[0.101658,-0.314483,-2.198934]],
	["#F00",[0.150278,-0.222985,-2.269],[0.083402,-0.205288,-2.237048],[0.079367,-0.308584,-2.188283]],
	["#F00",[0.079367,-0.308584,-2.188283],[0.101658,-0.314483,-2.198934],[0.102555,-0.291528,-2.209771]],
	["#F00",[0.124847,-0.297427,-2.220421],[0.12395,-0.320382,-2.209585],[0.146242,-0.326281,-2.220235]],
	["#F00",[0.150278,-0.222985,-2.269],[0.079367,-0.308584,-2.188283],[0.102555,-0.291528,-2.209771]],
	["#F00",[0.124847,-0.297427,-2.220421],[0.146242,-0.326281,-2.220235],[0.150278,-0.222985,-2.269]],
	["#F00",[0.102555,-0.291528,-2.209771],[0.124847,-0.297427,-2.220421],[0.150278,-0.222985,-2.269]],
	["#F00",[0.113851,-0.250388,-2.330063],[0.150278,-0.222985,-2.269],[0.146242,-0.326281,-2.220235]],
	["#F00",[0.146242,-0.326281,-2.220235],[0.1341,-0.335416,-2.240589],[0.134997,-0.312461,-2.251426]],
	["#F00",[0.122854,-0.321596,-2.27178],[0.121958,-0.34455,-2.260943],[0.109815,-0.353685,-2.281298]],
	["#F00",[0.113851,-0.250388,-2.330063],[0.146242,-0.326281,-2.220235],[0.134997,-0.312461,-2.251426]],
	["#F00",[0.122854,-0.321596,-2.27178],[0.109815,-0.353685,-2.281298],[0.113851,-0.250388,-2.330063]],
	["#F00",[0.134997,-0.312461,-2.251426],[0.122854,-0.321596,-2.27178],[0.113851,-0.250388,-2.330063]],
	["#F00",[0.099666,-0.338651,-2.250293],[0.087524,-0.347786,-2.270647],[0.109815,-0.353685,-2.281298]],
	["#F00",[0.109815,-0.353685,-2.281298],[0.121958,-0.34455,-2.260943],[0.099666,-0.338651,-2.250293]],
	["#F00",[0.100563,-0.315696,-2.261129],[0.088421,-0.324831,-2.281484],[0.087524,-0.347786,-2.270647]],
	["#F00",[0.087524,-0.347786,-2.270647],[0.099666,-0.338651,-2.250293],[0.100563,-0.315696,-2.261129]],
	["#F00",[0.078271,-0.309797,-2.250479],[0.066129,-0.318932,-2.270833],[0.088421,-0.324831,-2.281484]],
	["#F00",[0.088421,-0.324831,-2.281484],[0.100563,-0.315696,-2.261129],[0.078271,-0.309797,-2.250479]],
	["#F00",[0.065232,-0.341887,-2.259996],[0.066129,-0.318932,-2.270833],[0.078271,-0.309797,-2.250479]],
	["#F00",[0.078271,-0.309797,-2.250479],[0.077374,-0.332752,-2.239642],[0.065232,-0.341887,-2.259996]],
	["#F00",[0.090413,-0.300663,-2.230125],[0.102555,-0.291528,-2.209771],[0.101658,-0.314483,-2.198934]],
	["#F00",[0.101658,-0.314483,-2.198934],[0.089516,-0.323618,-2.219288],[0.090413,-0.300663,-2.230125]],
	["#F00",[0.124847,-0.297427,-2.220421],[0.102555,-0.291528,-2.209771],[0.090413,-0.300663,-2.230125]],
	["#F00",[0.090413,-0.300663,-2.230125],[0.112705,-0.306562,-2.240775],[0.124847,-0.297427,-2.220421]],
	["#F00",[0.12395,-0.320382,-2.209585],[0.124847,-0.297427,-2.220421],[0.112705,-0.306562,-2.240775]],
	["#F00",[0.112705,-0.306562,-2.240775],[0.111808,-0.329517,-2.229939],[0.12395,-0.320382,-2.209585]],
	["#F00",[0.146242,-0.326281,-2.220235],[0.12395,-0.320382,-2.209585],[0.111808,-0.329517,-2.229939]],
	["#F00",[0.111808,-0.329517,-2.229939],[0.1341,-0.335416,-2.240589],[0.146242,-0.326281,-2.220235]],
	["#F00",[0.090413,-0.300663,-2.230125],[0.078271,-0.309797,-2.250479],[0.100563,-0.315696,-2.261129]],
	["#F00",[0.100563,-0.315696,-2.261129],[0.112705,-0.306562,-2.240775],[0.090413,-0.300663,-2.230125]],
	["#F00",[0.121958,-0.34455,-2.260943],[0.122854,-0.321596,-2.27178],[0.100563,-0.315696,-2.261129]],
	["#F00",[0.100563,-0.315696,-2.261129],[0.099666,-0.338651,-2.250293],[0.121958,-0.34455,-2.260943]],
	["#F00",[0.112705,-0.306562,-2.240775],[0.100563,-0.315696,-2.261129],[0.122854,-0.321596,-2.27178]],
	["#F00",[0.122854,-0.321596,-2.27178],[0.134997,-0.312461,-2.251426],[0.112705,-0.306562,-2.240775]],
	["#F00",[0.111808,-0.329517,-2.229939],[0.112705,-0.306562,-2.240775],[0.134997,-0.312461,-2.251426]],
	["#F00",[0.134997,-0.312461,-2.251426],[0.1341,-0.335416,-2.240589],[0.111808,-0.329517,-2.229939]],
	["#F00",[0.077374,-0.332752,-2.239642],[0.078271,-0.309797,-2.250479],[0.055979,-0.303898,-2.239828]],
	["#F00",[0.055979,-0.303898,-2.239828],[0.055082,-0.326853,-2.228991],[0.077374,-0.332752,-2.239642]],
	["#F00",[0.068121,-0.294764,-2.219474],[0.055979,-0.303898,-2.239828],[0.078271,-0.309797,-2.250479]],
	["#F00",[0.078271,-0.309797,-2.250479],[0.090413,-0.300663,-2.230125],[0.068121,-0.294764,-2.219474]],
	["#F00",[0.067224,-0.317719,-2.208637],[0.068121,-0.294764,-2.219474],[0.090413,-0.300663,-2.230125]],
	["#F00",[0.090413,-0.300663,-2.230125],[0.089516,-0.323618,-2.219288],[0.067224,-0.317719,-2.208637]],
	["#F00",[-0.540767,-0.040114,-1.938828],[-0.577194,-0.067518,-1.99989],[-0.58123,-0.170814,-1.951125]],
	["#F00",[-0.58123,-0.170814,-1.951125],[-0.569088,-0.16168,-1.930771],[-0.568191,-0.138725,-1.941608]],
	["#F00",[-0.556049,-0.12959,-1.921254],[-0.556945,-0.152545,-1.910417],[-0.544803,-0.143411,-1.890063]],
	["#F00",[-0.540767,-0.040114,-1.938828],[-0.58123,-0.170814,-1.951125],[-0.568191,-0.138725,-1.941608]],
	["#F00",[-0.556049,-0.12959,-1.921254],[-0.544803,-0.143411,-1.890063],[-0.540767,-0.040114,-1.938828]],
	["#F00",[-0.568191,-0.138725,-1.941608],[-0.556049,-0.12959,-1.921254],[-0.540767,-0.040114,-1.938828]],
	["#F00",[-0.510319,-0.085215,-2.031842],[-0.577194,-0.067518,-1.99989],[-0.540767,-0.040114,-1.938828]],
	["#F00",[-0.540767,-0.040114,-1.938828],[-0.473892,-0.057811,-1.97078],[-0.510319,-0.085215,-2.031842]],
	["#F00",[-0.577194,-0.067518,-1.99989],[-0.510319,-0.085215,-2.031842],[-0.514354,-0.188511,-1.983077]],
	["#F00",[-0.514354,-0.188511,-1.983077],[-0.536646,-0.182612,-1.972427],[-0.535749,-0.159658,-1.983263]],
	["#F00",[-0.558041,-0.153759,-1.972613],[-0.558938,-0.176713,-1.961776],[-0.58123,-0.170814,-1.951125]],
	["#F00",[-0.577194,-0.067518,-1.99989],[-0.514354,-0.188511,-1.983077],[-0.535749,-0.159658,-1.983263]],
	["#F00",[-0.558041,-0.153759,-1.972613],[-0.58123,-0.170814,-1.951125],[-0.577194,-0.067518,-1.99989]],
	["#F00",[-0.535749,-0.159658,-1.983263],[-0.558041,-0.153759,-1.972613],[-0.577194,-0.067518,-1.99989]],
	["#F00",[-0.569088,-0.16168,-1.930771],[-0.58123,-0.170814,-1.951125],[-0.558938,-0.176713,-1.961776]],
	["#F00",[-0.558938,-0.176713,-1.961776],[-0.546796,-0.167579,-1.941422],[-0.569088,-0.16168,-1.930771]],
	["#F00",[-0.522511,-0.14931,-1.900714],[-0.544803,-0.143411,-1.890063],[-0.556945,-0.152545,-1.910417]],
	["#F00",[-0.556945,-0.152545,-1.910417],[-0.534654,-0.158444,-1.921068],[-0.522511,-0.14931,-1.900714]],
	["#F00",[-0.473892,-0.057811,-1.97078],[-0.540767,-0.040114,-1.938828],[-0.544803,-0.143411,-1.890063]],
	["#F00",[-0.544803,-0.143411,-1.890063],[-0.522511,-0.14931,-1.900714],[-0.521615,-0.126355,-1.91155]],
	["#F00",[-0.499323,-0.132254,-1.922201],[-0.50022,-0.155209,-1.911364],[-0.477928,-0.161108,-1.922015]],
	["#F00",[-0.473892,-0.057811,-1.97078],[-0.544803,-0.143411,-1.890063],[-0.521615,-0.126355,-1.91155]],
	["#F00",[-0.499323,-0.132254,-1.922201],[-0.477928,-0.161108,-1.922015],[-0.473892,-0.057811,-1.97078]],
	["#F00",[-0.521615,-0.126355,-1.91155],[-0.499323,-0.132254,-1.922201],[-0.473892,-0.057811,-1.97078]],
	["#F00",[-0.510319,-0.085215,-2.031842],[-0.473892,-0.057811,-1.97078],[-0.477928,-0.161108,-1.922015]],
	["#F00",[-0.477928,-0.161108,-1.922015],[-0.49007,-0.170242,-1.942369],[-0.489173,-0.147288,-1.953206]],
	["#F00",[-0.501315,-0.156422,-1.97356],[-0.502212,-0.179377,-1.962723],[-0.514354,-0.188511,-1.983077]],
	["#F00",[-0.510319,-0.085215,-2.031842],[-0.477928,-0.161108,-1.922015],[-0.489173,-0.147288,-1.953206]],
	["#F00",[-0.501315,-0.156422,-1.97356],[-0.514354,-0.188511,-1.983077],[-0.510319,-0.085215,-2.031842]],
	["#F00",[-0.489173,-0.147288,-1.953206],[-0.501315,-0.156422,-1.97356],[-0.510319,-0.085215,-2.031842]],
	["#F00",[-0.524504,-0.173478,-1.952073],[-0.536646,-0.182612,-1.972427],[-0.514354,-0.188511,-1.983077]],
	["#F00",[-0.514354,-0.188511,-1.983077],[-0.502212,-0.179377,-1.962723],[-0.524504,-0.173478,-1.952073]],
	["#F00",[-0.523607,-0.150523,-1.962909],[-0.535749,-0.159658,-1.983263],[-0.536646,-0.182612,-1.972427]],
	["#F00",[-0.536646,-0.182612,-1.972427],[-0.524504,-0.173478,-1.952073],[-0.523607,-0.150523,-1.962909]],
	["#F00",[-0.545899,-0.144624,-1.952259],[-0.558041,-0.153759,-1.972613],[-0.535749,-0.159658,-1.983263]],
	["#F00",[-0.535749,-0.159658,-1.983263],[-0.523607,-0.150523,-1.962909],[-0.545899,-0.144624,-1.952259]],
	["#F00",[-0.558938,-0.176713,-1.961776],[-0.558041,-0.153759,-1.972613],[-0.545899,-0.144624,-1.952259]],
	["#F00",[-0.545899,-0.144624,-1.952259],[-0.546796,-0.167579,-1.941422],[-0.558938,-0.176713,-1.961776]],
	["#F00",[-0.533757,-0.13549,-1.931905],[-0.521615,-0.126355,-1.91155],[-0.522511,-0.14931,-1.900714]],
	["#F00",[-0.522511,-0.14931,-1.900714],[-0.534654,-0.158444,-1.921068],[-0.533757,-0.13549,-1.931905]],
	["#F00",[-0.499323,-0.132254,-1.922201],[-0.521615,-0.126355,-1.91155],[-0.533757,-0.13549,-1.931905]],
	["#F00",[-0.533757,-0.13549,-1.931905],[-0.511465,-0.141389,-1.942555],[-0.499323,-0.132254,-1.922201]],
	["#F00",[-0.50022,-0.155209,-1.911364],[-0.499323,-0.132254,-1.922201],[-0.511465,-0.141389,-1.942555]],
	["#F00",[-0.511465,-0.141389,-1.942555],[-0.512362,-0.164343,-1.931719],[-0.50022,-0.155209,-1.911364]],
	["#F00",[-0.477928,-0.161108,-1.922015],[-0.50022,-0.155209,-1.911364],[-0.512362,-0.164343,-1.931719]],
	["#F00",[-0.512362,-0.164343,-1.931719],[-0.49007,-0.170242,-1.942369],[-0.477928,-0.161108,-1.922015]],
	["#F00",[-0.533757,-0.13549,-1.931905],[-0.545899,-0.144624,-1.952259],[-0.523607,-0.150523,-1.962909]],
	["#F00",[-0.523607,-0.150523,-1.962909],[-0.511465,-0.141389,-1.942555],[-0.533757,-0.13549,-1.931905]],
	["#F00",[-0.502212,-0.179377,-1.962723],[-0.501315,-0.156422,-1.97356],[-0.523607,-0.150523,-1.962909]],
	["#F00",[-0.523607,-0.150523,-1.962909],[-0.524504,-0.173478,-1.952073],[-0.502212,-0.179377,-1.962723]],
	["#F00",[-0.511465,-0.141389,-1.942555],[-0.523607,-0.150523,-1.962909],[-0.501315,-0.156422,-1.97356]],
	["#F00",[-0.501315,-0.156422,-1.97356],[-0.489173,-0.147288,-1.953206],[-0.511465,-0.141389,-1.942555]],
	["#F00",[-0.512362,-0.164343,-1.931719],[-0.511465,-0.141389,-1.942555],[-0.489173,-0.147288,-1.953206]],
	["#F00",[-0.489173,-0.147288,-1.953206],[-0.49007,-0.170242,-1.942369],[-0.512362,-0.164343,-1.931719]],
	["#F00",[-0.546796,-0.167579,-1.941422],[-0.545899,-0.144624,-1.952259],[-0.568191,-0.138725,-1.941608]],
	["#F00",[-0.568191,-0.138725,-1.941608],[-0.569088,-0.16168,-1.930771],[-0.546796,-0.167579,-1.941422]],
	["#F00",[-0.556049,-0.12959,-1.921254],[-0.568191,-0.138725,-1.941608],[-0.545899,-0.144624,-1.952259]],
	["#F00",[-0.545899,-0.144624,-1.952259],[-0.533757,-0.13549,-1.931905],[-0.556049,-0.12959,-1.921254]],
	["#F00",[-0.556945,-0.152545,-1.910417],[-0.556049,-0.12959,-1.921254],[-0.533757,-0.13549,-1.931905]],
	["#F00",[-0.533757,-0.13549,-1.931905],[-0.534654,-0.158444,-1.921068],[-0.556945,-0.152545,-1.910417]],
	["#F00",[-0.211772,-0.266329,-2.033569],[-0.211099,-0.249113,-2.041696],[-0.277975,-0.231415,-2.009744]],
	["#F00",[-0.277975,-0.231415,-2.009744],[-0.278647,-0.248632,-2.001617],[-0.211772,-0.266329,-2.033569]],
	["#F00",[-0.273266,-0.110903,-2.066637],[-0.309692,-0.138306,-2.127699],[-0.313728,-0.241603,-2.078934]],
	["#F00",[-0.313728,-0.241603,-2.078934],[-0.277302,-0.214199,-2.017872],[-0.273266,-0.110903,-2.066637]],
	["#F00",[-0.313728,-0.241603,-2.078934],[-0.309692,-0.138306,-2.127699],[-0.242817,-0.156004,-2.159651]],
	["#F00",[-0.242817,-0.156004,-2.159651],[-0.246853,-0.2593,-2.110886],[-0.313728,-0.241603,-2.078934]],
	["#F00",[-0.278647,-0.248632,-2.001617],[-0.277975,-0.231415,-2.009744],[-0.314401,-0.258819,-2.070807]],
	["#F00",[-0.314401,-0.258819,-2.070807],[-0.315074,-0.276035,-2.062679],[-0.278647,-0.248632,-2.001617]],
	["#F00",[-0.242817,-0.156004,-2.159651],[-0.309692,-0.138306,-2.127699],[-0.273266,-0.110903,-2.066637]],
	["#F00",[-0.273266,-0.110903,-2.066637],[-0.206391,-0.1286,-2.098589],[-0.242817,-0.156004,-2.159651]],
	["#F00",[-0.211772,-0.266329,-2.033569],[-0.278647,-0.248632,-2.001617],[-0.315074,-0.276035,-2.062679]],
	["#F00",[-0.315074,-0.276035,-2.062679],[-0.248198,-0.293732,-2.094631],[-0.211772,-0.266329,-2.033569]],
	["#F00",[-0.206391,-0.1286,-2.098589],[-0.273266,-0.110903,-2.066637],[-0.277302,-0.214199,-2.017872]],
	["#F00",[-0.277302,-0.214199,-2.017872],[-0.210427,-0.231897,-2.049824],[-0.206391,-0.1286,-2.098589]],
	["#F00",[-0.246853,-0.2593,-2.110886],[-0.242817,-0.156004,-2.159651],[-0.206391,-0.1286,-2.098589]],
	["#F00",[-0.206391,-0.1286,-2.098589],[-0.210427,-0.231897,-2.049824],[-0.246853,-0.2593,-2.110886]],
	["#F00",[-0.315074,-0.276035,-2.062679],[-0.314401,-0.258819,-2.070807],[-0.247526,-0.276516,-2.102759]],
	["#F00",[-0.247526,-0.276516,-2.102759],[-0.248198,-0.293732,-2.094631],[-0.315074,-0.276035,-2.062679]],
	["#F00",[-0.248198,-0.293732,-2.094631],[-0.247526,-0.276516,-2.102759],[-0.211099,-0.249113,-2.041696]],
	["#F00",[-0.211099,-0.249113,-2.041696],[-0.211772,-0.266329,-2.033569],[-0.248198,-0.293732,-2.094631]],
	["#F00",[-0.297184,-0.257201,-2.065955],[-0.2729,-0.238932,-2.025247],[-0.272227,-0.221716,-2.033374]],
	["#F00",[-0.272227,-0.221716,-2.033374],[-0.296511,-0.239985,-2.074082],[-0.297184,-0.257201,-2.065955]],
	["#F00",[-0.277302,-0.214199,-2.017872],[-0.272227,-0.221716,-2.033374],[-0.227643,-0.233514,-2.054676]],
	["#F00",[-0.227643,-0.233514,-2.054676],[-0.210427,-0.231897,-2.049824],[-0.277302,-0.214199,-2.017872]],
	["#F00",[-0.2729,-0.238932,-2.025247],[-0.297184,-0.257201,-2.065955],[-0.314401,-0.258819,-2.070807]],
	["#F00",[-0.314401,-0.258819,-2.070807],[-0.277975,-0.231415,-2.009744],[-0.2729,-0.238932,-2.025247]],
	["#F00",[-0.277975,-0.231415,-2.009744],[-0.211099,-0.249113,-2.041696],[-0.228316,-0.25073,-2.046548]],
	["#F00",[-0.228316,-0.25073,-2.046548],[-0.2729,-0.238932,-2.025247],[-0.277975,-0.231415,-2.009744]],
	["#F00",[-0.251928,-0.251783,-2.095384],[-0.246853,-0.2593,-2.110886],[-0.210427,-0.231897,-2.049824]],
	["#F00",[-0.210427,-0.231897,-2.049824],[-0.227643,-0.233514,-2.054676],[-0.251928,-0.251783,-2.095384]],
	["#F00",[-0.296511,-0.239985,-2.074082],[-0.313728,-0.241603,-2.078934],[-0.246853,-0.2593,-2.110886]],
	["#F00",[-0.246853,-0.2593,-2.110886],[-0.251928,-0.251783,-2.095384],[-0.296511,-0.239985,-2.074082]],
	["#F00",[-0.296511,-0.239985,-2.074082],[-0.251928,-0.251783,-2.095384],[-0.2526,-0.268999,-2.087256]],
	["#F00",[-0.2526,-0.268999,-2.087256],[-0.297184,-0.257201,-2.065955],[-0.296511,-0.239985,-2.074082]],
	["#F00",[-0.211099,-0.249113,-2.041696],[-0.247526,-0.276516,-2.102759],[-0.2526,-0.268999,-2.087256]],
	["#F00",[-0.2526,-0.268999,-2.087256],[-0.228316,-0.25073,-2.046548],[-0.211099,-0.249113,-2.041696]],
	["#F00",[-0.2729,-0.238932,-2.025247],[-0.228316,-0.25073,-2.046548],[-0.227643,-0.233514,-2.054676]],
	["#F00",[-0.227643,-0.233514,-2.054676],[-0.272227,-0.221716,-2.033374],[-0.2729,-0.238932,-2.025247]],
	["#F00",[-0.313728,-0.241603,-2.078934],[-0.296511,-0.239985,-2.074082],[-0.272227,-0.221716,-2.033374]],
	["#F00",[-0.272227,-0.221716,-2.033374],[-0.277302,-0.214199,-2.017872],[-0.313728,-0.241603,-2.078934]],
	["#F00",[-0.314401,-0.258819,-2.070807],[-0.297184,-0.257201,-2.065955],[-0.2526,-0.268999,-2.087256]],
	["#F00",[-0.2526,-0.268999,-2.087256],[-0.247526,-0.276516,-2.102759],[-0.314401,-0.258819,-2.070807]],
	["#F00",[-0.2526,-0.268999,-2.087256],[-0.251928,-0.251783,-2.095384],[-0.227643,-0.233514,-2.054676]],
	["#F00",[-0.227643,-0.233514,-2.054676],[-0.228316,-0.25073,-2.046548],[-0.2526,-0.268999,-2.087256]],
	["#F00",[-0.122605,-0.289925,-2.076172],[-0.121932,-0.272709,-2.084299],[-0.188807,-0.255012,-2.052347]],
	["#F00",[-0.188807,-0.255012,-2.052347],[-0.18948,-0.272228,-2.044219],[-0.122605,-0.289925,-2.076172]],
	["#F00",[-0.184099,-0.134499,-2.10924],[-0.220525,-0.161903,-2.170302],[-0.224561,-0.265199,-2.121537]],
	["#F00",[-0.224561,-0.265199,-2.121537],[-0.188135,-0.237796,-2.060474],[-0.184099,-0.134499,-2.10924]],
	["#F00",[-0.224561,-0.265199,-2.121537],[-0.220525,-0.161903,-2.170302],[-0.15365,-0.1796,-2.202254]],
	["#F00",[-0.15365,-0.1796,-2.202254],[-0.157686,-0.282896,-2.153489],[-0.224561,-0.265199,-2.121537]],
	["#F00",[-0.18948,-0.272228,-2.044219],[-0.188807,-0.255012,-2.052347],[-0.225234,-0.282415,-2.113409]],
	["#F00",[-0.225234,-0.282415,-2.113409],[-0.225906,-0.299631,-2.105282],[-0.18948,-0.272228,-2.044219]],
	["#F00",[-0.15365,-0.1796,-2.202254],[-0.220525,-0.161903,-2.170302],[-0.184099,-0.134499,-2.10924]],
	["#F00",[-0.184099,-0.134499,-2.10924],[-0.117223,-0.152196,-2.141192],[-0.15365,-0.1796,-2.202254]],
	["#F00",[-0.171718,-0.298536,-2.098478],[-0.159031,-0.317328,-2.137234],[-0.122605,-0.289925,-2.076172]],
	["#F00",[-0.122605,-0.289925,-2.076172],[-0.165647,-0.293969,-2.088301],[-0.171718,-0.298536,-2.098478]],
	["#F00",[-0.117223,-0.152196,-2.141192],[-0.184099,-0.134499,-2.10924],[-0.188135,-0.237796,-2.060474]],
	["#F00",[-0.188135,-0.237796,-2.060474],[-0.121259,-0.255493,-2.092427],[-0.117223,-0.152196,-2.141192]],
	["#F00",[-0.157686,-0.282896,-2.153489],[-0.15365,-0.1796,-2.202254],[-0.117223,-0.152196,-2.141192]],
	["#F00",[-0.117223,-0.152196,-2.141192],[-0.121259,-0.255493,-2.092427],[-0.157686,-0.282896,-2.153489]],
	["#F00",[-0.225906,-0.299631,-2.105282],[-0.225234,-0.282415,-2.113409],[-0.158358,-0.300112,-2.145361]],
	["#F00",[-0.158358,-0.300112,-2.145361],[-0.159031,-0.317328,-2.137234],[-0.225906,-0.299631,-2.105282]],
	["#F00",[-0.159031,-0.317328,-2.137234],[-0.158358,-0.300112,-2.145361],[-0.121932,-0.272709,-2.084299]],
	["#F00",[-0.121932,-0.272709,-2.084299],[-0.122605,-0.289925,-2.076172],[-0.159031,-0.317328,-2.137234]],
	["#F00",[-0.208017,-0.280797,-2.108557],[-0.183733,-0.262528,-2.067849],[-0.18306,-0.245312,-2.075977]],
	["#F00",[-0.18306,-0.245312,-2.075977],[-0.207344,-0.263581,-2.116685],[-0.208017,-0.280797,-2.108557]],
	["#F00",[-0.188135,-0.237796,-2.060474],[-0.18306,-0.245312,-2.075977],[-0.138476,-0.25711,-2.097278]],
	["#F00",[-0.138476,-0.25711,-2.097278],[-0.121259,-0.255493,-2.092427],[-0.188135,-0.237796,-2.060474]],
	["#F00",[-0.183733,-0.262528,-2.067849],[-0.208017,-0.280797,-2.108557],[-0.225234,-0.282415,-2.113409]],
	["#F00",[-0.225234,-0.282415,-2.113409],[-0.188807,-0.255012,-2.052347],[-0.183733,-0.262528,-2.067849]],
	["#F00",[-0.188807,-0.255012,-2.052347],[-0.121932,-0.272709,-2.084299],[-0.139149,-0.274327,-2.089151]],
	["#F00",[-0.139149,-0.274327,-2.089151],[-0.183733,-0.262528,-2.067849],[-0.188807,-0.255012,-2.052347]],
	["#F00",[-0.162761,-0.275379,-2.137986],[-0.157686,-0.282896,-2.153489],[-0.121259,-0.255493,-2.092427]],
	["#F00",[-0.121259,-0.255493,-2.092427],[-0.138476,-0.25711,-2.097278],[-0.162761,-0.275379,-2.137986]],
	["#F00",[-0.207344,-0.263581,-2.116685],[-0.224561,-0.265199,-2.121537],[-0.157686,-0.282896,-2.153489]],
	["#F00",[-0.157686,-0.282896,-2.153489],[-0.162761,-0.275379,-2.137986],[-0.207344,-0.263581,-2.116685]],
	["#F00",[-0.207344,-0.263581,-2.116685],[-0.162761,-0.275379,-2.137986],[-0.163433,-0.292596,-2.129859]],
	["#F00",[-0.163433,-0.292596,-2.129859],[-0.208017,-0.280797,-2.108557],[-0.207344,-0.263581,-2.116685]],
	["#F00",[-0.121932,-0.272709,-2.084299],[-0.158358,-0.300112,-2.145361],[-0.163433,-0.292596,-2.129859]],
	["#F00",[-0.163433,-0.292596,-2.129859],[-0.139149,-0.274327,-2.089151],[-0.121932,-0.272709,-2.084299]],
	["#F00",[-0.183733,-0.262528,-2.067849],[-0.139149,-0.274327,-2.089151],[-0.138476,-0.25711,-2.097278]],
	["#F00",[-0.138476,-0.25711,-2.097278],[-0.18306,-0.245312,-2.075977],[-0.183733,-0.262528,-2.067849]],
	["#F00",[-0.224561,-0.265199,-2.121537],[-0.207344,-0.263581,-2.116685],[-0.18306,-0.245312,-2.075977]],
	["#F00",[-0.18306,-0.245312,-2.075977],[-0.188135,-0.237796,-2.060474],[-0.224561,-0.265199,-2.121537]],
	["#F00",[-0.225234,-0.282415,-2.113409],[-0.208017,-0.280797,-2.108557],[-0.163433,-0.292596,-2.129859]],
	["#F00",[-0.163433,-0.292596,-2.129859],[-0.158358,-0.300112,-2.145361],[-0.225234,-0.282415,-2.113409]],
	["#F00",[-0.163433,-0.292596,-2.129859],[-0.162761,-0.275379,-2.137986],[-0.138476,-0.25711,-2.097278]],
	["#F00",[-0.138476,-0.25711,-2.097278],[-0.139149,-0.274327,-2.089151],[-0.163433,-0.292596,-2.129859]],
	["#F00",[-0.182864,-0.295587,-2.093153],[-0.225906,-0.299631,-2.105282],[-0.159031,-0.317328,-2.137234]],
	["#F00",[-0.159031,-0.317328,-2.137234],[-0.171718,-0.298536,-2.098478],[-0.182864,-0.295587,-2.093153]],
	["#F00",[-0.176793,-0.29102,-2.082975],[-0.18948,-0.272228,-2.044219],[-0.225906,-0.299631,-2.105282]],
	["#F00",[-0.225906,-0.299631,-2.105282],[-0.182864,-0.295587,-2.093153],[-0.176793,-0.29102,-2.082975]],
	["#F00",[-0.18948,-0.272228,-2.044219],[-0.176793,-0.29102,-2.082975],[-0.165647,-0.293969,-2.088301]],
	["#F00",[-0.165647,-0.293969,-2.088301],[-0.122605,-0.289925,-2.076172],[-0.18948,-0.272228,-2.044219]],
	["#F00",[-0.183312,-0.307064,-2.087734],[-0.182864,-0.295587,-2.093153],[-0.171718,-0.298536,-2.098478]],
	["#F00",[-0.172167,-0.310014,-2.09306],[-0.161021,-0.312963,-2.098385],[-0.161469,-0.324441,-2.092967]],
	["#F00",[-0.183312,-0.307064,-2.087734],[-0.171718,-0.298536,-2.098478],[-0.172167,-0.310014,-2.09306]],
	["#F00",[-0.194907,-0.315592,-2.07699],[-0.194458,-0.304115,-2.082409],[-0.183312,-0.307064,-2.087734]],
	["#F00",[-0.173063,-0.332969,-2.082223],[-0.184209,-0.330019,-2.076897],[-0.183761,-0.318542,-2.082316]],
	["#F00",[-0.183761,-0.318542,-2.082316],[-0.194907,-0.315592,-2.07699],[-0.183312,-0.307064,-2.087734]],
	["#F00",[-0.183312,-0.307064,-2.087734],[-0.172167,-0.310014,-2.09306],[-0.161469,-0.324441,-2.092967]],
	["#F00",[-0.172615,-0.321491,-2.087641],[-0.173063,-0.332969,-2.082223],[-0.183761,-0.318542,-2.082316]],
	["#F00",[-0.183312,-0.307064,-2.087734],[-0.161469,-0.324441,-2.092967],[-0.172615,-0.321491,-2.087641]],
	["#F00",[-0.172615,-0.321491,-2.087641],[-0.183761,-0.318542,-2.082316],[-0.183312,-0.307064,-2.087734]],
	["#F00",[-0.166096,-0.305447,-2.082882],[-0.165647,-0.293969,-2.088301],[-0.176793,-0.29102,-2.082975]],
	["#F00",[-0.177241,-0.302497,-2.077557],[-0.188387,-0.299548,-2.072232],[-0.188836,-0.311025,-2.066813]],
	["#F00",[-0.166096,-0.305447,-2.082882],[-0.176793,-0.29102,-2.082975],[-0.177241,-0.302497,-2.077557]],
	["#F00",[-0.155398,-0.319874,-2.082789],[-0.15495,-0.308396,-2.088208],[-0.166096,-0.305447,-2.082882]],
	["#F00",[-0.178138,-0.325452,-2.06672],[-0.166992,-0.328401,-2.072046],[-0.166544,-0.316924,-2.077464]],
	["#F00",[-0.166544,-0.316924,-2.077464],[-0.155398,-0.319874,-2.082789],[-0.166096,-0.305447,-2.082882]],
	["#F00",[-0.166096,-0.305447,-2.082882],[-0.177241,-0.302497,-2.077557],[-0.188836,-0.311025,-2.066813]],
	["#F00",[-0.17769,-0.313974,-2.072139],[-0.178138,-0.325452,-2.06672],[-0.166544,-0.316924,-2.077464]],
	["#F00",[-0.166096,-0.305447,-2.082882],[-0.188836,-0.311025,-2.066813],[-0.17769,-0.313974,-2.072139]],
	["#F00",[-0.17769,-0.313974,-2.072139],[-0.166544,-0.316924,-2.077464],[-0.166096,-0.305447,-2.082882]],
	["#F00",[-0.171718,-0.298536,-2.098478],[-0.165647,-0.293969,-2.088301],[-0.166096,-0.305447,-2.082882]],
	["#F00",[-0.166096,-0.305447,-2.082882],[-0.172167,-0.310014,-2.09306],[-0.171718,-0.298536,-2.098478]],
	["#F00",[-0.172167,-0.310014,-2.09306],[-0.166096,-0.305447,-2.082882],[-0.15495,-0.308396,-2.088208]],
	["#F00",[-0.15495,-0.308396,-2.088208],[-0.161021,-0.312963,-2.098385],[-0.172167,-0.310014,-2.09306]],
	["#F00",[-0.161021,-0.312963,-2.098385],[-0.15495,-0.308396,-2.088208],[-0.155398,-0.319874,-2.082789]],
	["#F00",[-0.155398,-0.319874,-2.082789],[-0.161469,-0.324441,-2.092967],[-0.161021,-0.312963,-2.098385]],
	["#F00",[-0.172615,-0.321491,-2.087641],[-0.161469,-0.324441,-2.092967],[-0.155398,-0.319874,-2.082789]],
	["#F00",[-0.155398,-0.319874,-2.082789],[-0.166544,-0.316924,-2.077464],[-0.172615,-0.321491,-2.087641]],
	["#F00",[-0.172615,-0.321491,-2.087641],[-0.166544,-0.316924,-2.077464],[-0.166992,-0.328401,-2.072046]],
	["#F00",[-0.166992,-0.328401,-2.072046],[-0.173063,-0.332969,-2.082223],[-0.172615,-0.321491,-2.087641]],
	["#F00",[-0.173063,-0.332969,-2.082223],[-0.166992,-0.328401,-2.072046],[-0.178138,-0.325452,-2.06672]],
	["#F00",[-0.178138,-0.325452,-2.06672],[-0.184209,-0.330019,-2.076897],[-0.173063,-0.332969,-2.082223]],
	["#F00",[-0.183761,-0.318542,-2.082316],[-0.184209,-0.330019,-2.076897],[-0.178138,-0.325452,-2.06672]],
	["#F00",[-0.178138,-0.325452,-2.06672],[-0.17769,-0.313974,-2.072139],[-0.183761,-0.318542,-2.082316]],
	["#F00",[-0.183761,-0.318542,-2.082316],[-0.17769,-0.313974,-2.072139],[-0.188836,-0.311025,-2.066813]],
	["#F00",[-0.188836,-0.311025,-2.066813],[-0.194907,-0.315592,-2.07699],[-0.183761,-0.318542,-2.082316]],
	["#F00",[-0.194458,-0.304115,-2.082409],[-0.194907,-0.315592,-2.07699],[-0.188836,-0.311025,-2.066813]],
	["#F00",[-0.188836,-0.311025,-2.066813],[-0.188387,-0.299548,-2.072232],[-0.194458,-0.304115,-2.082409]],
	["#F00",[-0.183312,-0.307064,-2.087734],[-0.194458,-0.304115,-2.082409],[-0.188387,-0.299548,-2.072232]],
	["#F00",[-0.188387,-0.299548,-2.072232],[-0.177241,-0.302497,-2.077557],[-0.183312,-0.307064,-2.087734]],
	["#F00",[-0.182864,-0.295587,-2.093153],[-0.183312,-0.307064,-2.087734],[-0.177241,-0.302497,-2.077557]],
	["#F00",[-0.177241,-0.302497,-2.077557],[-0.176793,-0.29102,-2.082975],[-0.182864,-0.295587,-2.093153]],
	["#F00",[0.095545,-0.196153,-2.216694],[0.092854,-0.265018,-2.184184],[0.129281,-0.237614,-2.123122]],
	["#F00",[0.129281,-0.237614,-2.123122],[0.131971,-0.16875,-2.155632],[0.095545,-0.196153,-2.216694]],
	["#F00",[0.131971,-0.16875,-2.155632],[0.129281,-0.237614,-2.123122],[0.196156,-0.255311,-2.155074]],
	["#F00",[0.196156,-0.255311,-2.155074],[0.198847,-0.186447,-2.187584],[0.131971,-0.16875,-2.155632]],
	["#F00",[0.198847,-0.186447,-2.187584],[0.196156,-0.255311,-2.155074],[0.159729,-0.282715,-2.216136]],
	["#F00",[0.159729,-0.282715,-2.216136],[0.16242,-0.21385,-2.248646],[0.198847,-0.186447,-2.187584]],
	["#F00",[0.092854,-0.265018,-2.184184],[0.095545,-0.196153,-2.216694],[0.16242,-0.21385,-2.248646]],
	["#F00",[0.16242,-0.21385,-2.248646],[0.159729,-0.282715,-2.216136],[0.092854,-0.265018,-2.184184]],
	["#F00",[0.16242,-0.21385,-2.248646],[0.095545,-0.196153,-2.216694],[0.131971,-0.16875,-2.155632]],
	["#F00",[0.131971,-0.16875,-2.155632],[0.198847,-0.186447,-2.187584],[0.16242,-0.21385,-2.248646]],
	["#F00",[0.196156,-0.255311,-2.155074],[0.129281,-0.237614,-2.123122],[0.092854,-0.265018,-2.184184]],
	["#F00",[0.092854,-0.265018,-2.184184],[0.159729,-0.282715,-2.216136],[0.196156,-0.255311,-2.155074]],
	["#F00",[0.006378,-0.172557,-2.174091],[0.003687,-0.241421,-2.141581],[0.040113,-0.214018,-2.080519]],
	["#F00",[0.040113,-0.214018,-2.080519],[0.042804,-0.145153,-2.113029],[0.006378,-0.172557,-2.174091]],
	["#F00",[0.042804,-0.145153,-2.113029],[0.040113,-0.214018,-2.080519],[0.106989,-0.231715,-2.112471]],
	["#F00",[0.106989,-0.231715,-2.112471],[0.109679,-0.162851,-2.144981],[0.042804,-0.145153,-2.113029]],
	["#F00",[0.109679,-0.162851,-2.144981],[0.106989,-0.231715,-2.112471],[0.070562,-0.259118,-2.173533]],
	["#F00",[0.070562,-0.259118,-2.173533],[0.073253,-0.190254,-2.206043],[0.109679,-0.162851,-2.144981]],
	["#F00",[0.003687,-0.241421,-2.141581],[0.006378,-0.172557,-2.174091],[0.073253,-0.190254,-2.206043]],
	["#F00",[0.073253,-0.190254,-2.206043],[0.070562,-0.259118,-2.173533],[0.003687,-0.241421,-2.141581]],
	["#F00",[0.073253,-0.190254,-2.206043],[0.006378,-0.172557,-2.174091],[0.042804,-0.145153,-2.113029]],
	["#F00",[0.042804,-0.145153,-2.113029],[0.109679,-0.162851,-2.144981],[0.073253,-0.190254,-2.206043]],
	["#F00",[0.106989,-0.231715,-2.112471],[0.040113,-0.214018,-2.080519],[0.003687,-0.241421,-2.141581]],
	["#F00",[0.003687,-0.241421,-2.141581],[0.070562,-0.259118,-2.173533],[0.106989,-0.231715,-2.112471]],
	["#F00",[-0.08279,-0.148961,-2.131489],[-0.08548,-0.217825,-2.098979],[-0.049054,-0.190422,-2.037916]],
	["#F00",[-0.049054,-0.190422,-2.037916],[-0.046363,-0.121557,-2.070426],[-0.08279,-0.148961,-2.131489]],
	["#F00",[-0.046363,-0.121557,-2.070426],[-0.049054,-0.190422,-2.037916],[0.017822,-0.208119,-2.069868]],
	["#F00",[0.017822,-0.208119,-2.069868],[0.020512,-0.139254,-2.102378],[-0.046363,-0.121557,-2.070426]],
	["#F00",[0.020512,-0.139254,-2.102378],[0.017822,-0.208119,-2.069868],[-0.018605,-0.235522,-2.130931]],
	["#F00",[-0.018605,-0.235522,-2.130931],[-0.015914,-0.166658,-2.163441],[0.020512,-0.139254,-2.102378]],
	["#F00",[-0.08548,-0.217825,-2.098979],[-0.08279,-0.148961,-2.131489],[-0.015914,-0.166658,-2.163441]],
	["#F00",[-0.015914,-0.166658,-2.163441],[-0.018605,-0.235522,-2.130931],[-0.08548,-0.217825,-2.098979]],
	["#F00",[-0.015914,-0.166658,-2.163441],[-0.08279,-0.148961,-2.131489],[-0.046363,-0.121557,-2.070426]],
	["#F00",[-0.046363,-0.121557,-2.070426],[0.020512,-0.139254,-2.102378],[-0.015914,-0.166658,-2.163441]],
	["#F00",[0.017822,-0.208119,-2.069868],[-0.049054,-0.190422,-2.037916],[-0.08548,-0.217825,-2.098979]],
	["#F00",[-0.08548,-0.217825,-2.098979],[-0.018605,-0.235522,-2.130931],[0.017822,-0.208119,-2.069868]],
	["#F00",[-0.171957,-0.125365,-2.088886],[-0.174647,-0.194229,-2.056376],[-0.138221,-0.166825,-1.995313]],
	["#F00",[-0.138221,-0.166825,-1.995313],[-0.13553,-0.097961,-2.027823],[-0.171957,-0.125365,-2.088886]],
	["#F00",[-0.13553,-0.097961,-2.027823],[-0.138221,-0.166825,-1.995313],[-0.071346,-0.184522,-2.027265]],
	["#F00",[-0.071346,-0.184522,-2.027265],[-0.068655,-0.115658,-2.059775],[-0.13553,-0.097961,-2.027823]],
	["#F00",[-0.068655,-0.115658,-2.059775],[-0.071346,-0.184522,-2.027265],[-0.107772,-0.211926,-2.088328]],
	["#F00",[-0.107772,-0.211926,-2.088328],[-0.105081,-0.143062,-2.120838],[-0.068655,-0.115658,-2.059775]],
	["#F00",[-0.174647,-0.194229,-2.056376],[-0.171957,-0.125365,-2.088886],[-0.105081,-0.143062,-2.120838]],
	["#F00",[-0.105081,-0.143062,-2.120838],[-0.107772,-0.211926,-2.088328],[-0.174647,-0.194229,-2.056376]],
	["#F00",[-0.105081,-0.143062,-2.120838],[-0.171957,-0.125365,-2.088886],[-0.13553,-0.097961,-2.027823]],
	["#F00",[-0.13553,-0.097961,-2.027823],[-0.068655,-0.115658,-2.059775],[-0.105081,-0.143062,-2.120838]],
	["#F00",[-0.071346,-0.184522,-2.027265],[-0.138221,-0.166825,-1.995313],[-0.174647,-0.194229,-2.056376]],
	["#F00",[-0.174647,-0.194229,-2.056376],[-0.107772,-0.211926,-2.088328],[-0.071346,-0.184522,-2.027265]],
	["#F00",[-0.261124,-0.101768,-2.046283],[-0.263815,-0.170633,-2.013773],[-0.227388,-0.143229,-1.95271]],
	["#F00",[-0.227388,-0.143229,-1.95271],[-0.224697,-0.074365,-1.98522],[-0.261124,-0.101768,-2.046283]],
	["#F00",[-0.224697,-0.074365,-1.98522],[-0.227388,-0.143229,-1.95271],[-0.160513,-0.160926,-1.984663]],
	["#F00",[-0.160513,-0.160926,-1.984663],[-0.157822,-0.092062,-2.017173],[-0.224697,-0.074365,-1.98522]],
	["#F00",[-0.157822,-0.092062,-2.017173],[-0.160513,-0.160926,-1.984663],[-0.196939,-0.18833,-2.045725]],
	["#F00",[-0.196939,-0.18833,-2.045725],[-0.194249,-0.119465,-2.078235],[-0.157822,-0.092062,-2.017173]],
	["#F00",[-0.263815,-0.170633,-2.013773],[-0.261124,-0.101768,-2.046283],[-0.194249,-0.119465,-2.078235]],
	["#F00",[-0.194249,-0.119465,-2.078235],[-0.196939,-0.18833,-2.045725],[-0.263815,-0.170633,-2.013773]],
	["#F00",[-0.194249,-0.119465,-2.078235],[-0.261124,-0.101768,-2.046283],[-0.224697,-0.074365,-1.98522]],
	["#F00",[-0.224697,-0.074365,-1.98522],[-0.157822,-0.092062,-2.017173],[-0.194249,-0.119465,-2.078235]],
	["#F00",[-0.160513,-0.160926,-1.984663],[-0.227388,-0.143229,-1.95271],[-0.263815,-0.170633,-2.013773]],
	["#F00",[-0.263815,-0.170633,-2.013773],[-0.196939,-0.18833,-2.045725],[-0.160513,-0.160926,-1.984663]],
	["#F00",[-0.350291,-0.078172,-2.00368],[-0.352982,-0.147036,-1.97117],[-0.316555,-0.119633,-1.910108]],
	["#F00",[-0.316555,-0.119633,-1.910108],[-0.313864,-0.050769,-1.942618],[-0.350291,-0.078172,-2.00368]],
	["#F00",[-0.313864,-0.050769,-1.942618],[-0.316555,-0.119633,-1.910108],[-0.24968,-0.13733,-1.94206]],
	["#F00",[-0.24968,-0.13733,-1.94206],[-0.246989,-0.068466,-1.97457],[-0.313864,-0.050769,-1.942618]],
	["#F00",[-0.246989,-0.068466,-1.97457],[-0.24968,-0.13733,-1.94206],[-0.286106,-0.164734,-2.003122]],
	["#F00",[-0.286106,-0.164734,-2.003122],[-0.283416,-0.095869,-2.035632],[-0.246989,-0.068466,-1.97457]],
	["#F00",[-0.352982,-0.147036,-1.97117],[-0.350291,-0.078172,-2.00368],[-0.283416,-0.095869,-2.035632]],
	["#F00",[-0.283416,-0.095869,-2.035632],[-0.286106,-0.164734,-2.003122],[-0.352982,-0.147036,-1.97117]],
	["#F00",[-0.283416,-0.095869,-2.035632],[-0.350291,-0.078172,-2.00368],[-0.313864,-0.050769,-1.942618]],
	["#F00",[-0.313864,-0.050769,-1.942618],[-0.246989,-0.068466,-1.97457],[-0.283416,-0.095869,-2.035632]],
	["#F00",[-0.24968,-0.13733,-1.94206],[-0.316555,-0.119633,-1.910108],[-0.352982,-0.147036,-1.97117]],
	["#F00",[-0.352982,-0.147036,-1.97117],[-0.286106,-0.164734,-2.003122],[-0.24968,-0.13733,-1.94206]],
	["#F00",[-0.439458,-0.054576,-1.961077],[-0.442149,-0.12344,-1.928567],[-0.405722,-0.096037,-1.867505]],
	["#F00",[-0.405722,-0.096037,-1.867505],[-0.403032,-0.027172,-1.900015],[-0.439458,-0.054576,-1.961077]],
	["#F00",[-0.403032,-0.027172,-1.900015],[-0.405722,-0.096037,-1.867505],[-0.338847,-0.113734,-1.899457]],
	["#F00",[-0.338847,-0.113734,-1.899457],[-0.336156,-0.04487,-1.931967],[-0.403032,-0.027172,-1.900015]],
	["#F00",[-0.336156,-0.04487,-1.931967],[-0.338847,-0.113734,-1.899457],[-0.375273,-0.141137,-1.960519]],
	["#F00",[-0.375273,-0.141137,-1.960519],[-0.372583,-0.072273,-1.993029],[-0.336156,-0.04487,-1.931967]],
	["#F00",[-0.442149,-0.12344,-1.928567],[-0.439458,-0.054576,-1.961077],[-0.372583,-0.072273,-1.993029]],
	["#F00",[-0.372583,-0.072273,-1.993029],[-0.375273,-0.141137,-1.960519],[-0.442149,-0.12344,-1.928567]],
	["#F00",[-0.372583,-0.072273,-1.993029],[-0.439458,-0.054576,-1.961077],[-0.403032,-0.027172,-1.900015]],
	["#F00",[-0.403032,-0.027172,-1.900015],[-0.336156,-0.04487,-1.931967],[-0.372583,-0.072273,-1.993029]],
	["#F00",[-0.338847,-0.113734,-1.899457],[-0.405722,-0.096037,-1.867505],[-0.442149,-0.12344,-1.928567]],
	["#F00",[-0.442149,-0.12344,-1.928567],[-0.375273,-0.141137,-1.960519],[-0.338847,-0.113734,-1.899457]],
	["#F00",[-0.528625,-0.03098,-1.918474],[-0.531316,-0.099844,-1.885964],[-0.494889,-0.072441,-1.824902]],
	["#F00",[-0.494889,-0.072441,-1.824902],[-0.492199,-0.003576,-1.857412],[-0.528625,-0.03098,-1.918474]],
	["#F00",[-0.492199,-0.003576,-1.857412],[-0.494889,-0.072441,-1.824902],[-0.428014,-0.090138,-1.856854]],
	["#F00",[-0.428014,-0.090138,-1.856854],[-0.425323,-0.021273,-1.889364],[-0.492199,-0.003576,-1.857412]],
	["#F00",[-0.425323,-0.021273,-1.889364],[-0.428014,-0.090138,-1.856854],[-0.464441,-0.117541,-1.917916]],
	["#F00",[-0.464441,-0.117541,-1.917916],[-0.46175,-0.048677,-1.950426],[-0.425323,-0.021273,-1.889364]],
	["#F00",[-0.531316,-0.099844,-1.885964],[-0.528625,-0.03098,-1.918474],[-0.46175,-0.048677,-1.950426]],
	["#F00",[-0.46175,-0.048677,-1.950426],[-0.464441,-0.117541,-1.917916],[-0.531316,-0.099844,-1.885964]],
	["#F00",[-0.46175,-0.048677,-1.950426],[-0.528625,-0.03098,-1.918474],[-0.492199,-0.003576,-1.857412]],
	["#F00",[-0.492199,-0.003576,-1.857412],[-0.425323,-0.021273,-1.889364],[-0.46175,-0.048677,-1.950426]],
	["#F00",[-0.428014,-0.090138,-1.856854],[-0.494889,-0.072441,-1.824902],[-0.531316,-0.099844,-1.885964]],
	["#F00",[-0.531316,-0.099844,-1.885964],[-0.464441,-0.117541,-1.917916],[-0.428014,-0.090138,-1.856854]],
	["#F00",[0.338388,-0.013463,-1.809613],[0.335697,-0.082327,-1.777102],[0.372124,-0.054924,-1.71604]],
	["#F00",[0.372124,-0.054924,-1.71604],[0.374815,0.013941,-1.74855],[0.338388,-0.013463,-1.809613]],
	["#F00",[0.374815,0.013941,-1.74855],[0.372124,-0.054924,-1.71604],[0.438999,-0.072621,-1.747992]],
	["#F00",[0.438999,-0.072621,-1.747992],[0.44169,-0.003756,-1.780502],[0.374815,0.013941,-1.74855]],
	["#F00",[0.44169,-0.003756,-1.780502],[0.438999,-0.072621,-1.747992],[0.402573,-0.100024,-1.809055]],
	["#F00",[0.402573,-0.100024,-1.809055],[0.405263,-0.03116,-1.841565],[0.44169,-0.003756,-1.780502]],
	["#F00",[0.335697,-0.082327,-1.777102],[0.338388,-0.013463,-1.809613],[0.405263,-0.03116,-1.841565]],
	["#F00",[0.405263,-0.03116,-1.841565],[0.402573,-0.100024,-1.809055],[0.335697,-0.082327,-1.777102]],
	["#F00",[0.405263,-0.03116,-1.841565],[0.338388,-0.013463,-1.809613],[0.374815,0.013941,-1.74855]],
	["#F00",[0.374815,0.013941,-1.74855],[0.44169,-0.003756,-1.780502],[0.405263,-0.03116,-1.841565]],
	["#F00",[0.438999,-0.072621,-1.747992],[0.372124,-0.054924,-1.71604],[0.335697,-0.082327,-1.777102]],
	["#F00",[0.335697,-0.082327,-1.777102],[0.402573,-0.100024,-1.809055],[0.438999,-0.072621,-1.747992]],
	["#F00",[0.249221,0.010133,-1.76701],[0.24653,-0.058731,-1.7345],[0.282957,-0.031327,-1.673437]],
	["#F00",[0.282957,-0.031327,-1.673437],[0.285647,0.037537,-1.705947],[0.249221,0.010133,-1.76701]],
	["#F00",[0.285647,0.037537,-1.705947],[0.282957,-0.031327,-1.673437],[0.349832,-0.049025,-1.705389]],
	["#F00",[0.349832,-0.049025,-1.705389],[0.352523,0.01984,-1.737899],[0.285647,0.037537,-1.705947]],
	["#F00",[0.352523,0.01984,-1.737899],[0.349832,-0.049025,-1.705389],[0.313406,-0.076428,-1.766452]],
	["#F00",[0.313406,-0.076428,-1.766452],[0.316096,-0.007564,-1.798962],[0.352523,0.01984,-1.737899]],
	["#F00",[0.24653,-0.058731,-1.7345],[0.249221,0.010133,-1.76701],[0.316096,-0.007564,-1.798962]],
	["#F00",[0.316096,-0.007564,-1.798962],[0.313406,-0.076428,-1.766452],[0.24653,-0.058731,-1.7345]],
	["#F00",[0.316096,-0.007564,-1.798962],[0.249221,0.010133,-1.76701],[0.285647,0.037537,-1.705947]],
	["#F00",[0.285647,0.037537,-1.705947],[0.352523,0.01984,-1.737899],[0.316096,-0.007564,-1.798962]],
	["#F00",[0.349832,-0.049025,-1.705389],[0.282957,-0.031327,-1.673437],[0.24653,-0.058731,-1.7345]],
	["#F00",[0.24653,-0.058731,-1.7345],[0.313406,-0.076428,-1.766452],[0.349832,-0.049025,-1.705389]],
	["#F00",[0.160054,0.03373,-1.724407],[0.157363,-0.035135,-1.691897],[0.19379,-0.007731,-1.630834]],
	["#F00",[0.19379,-0.007731,-1.630834],[0.19648,0.061133,-1.663344],[0.160054,0.03373,-1.724407]],
	["#F00",[0.19648,0.061133,-1.663344],[0.19379,-0.007731,-1.630834],[0.260665,-0.025428,-1.662786]],
	["#F00",[0.260665,-0.025428,-1.662786],[0.263356,0.043436,-1.695297],[0.19648,0.061133,-1.663344]],
	["#F00",[0.263356,0.043436,-1.695297],[0.260665,-0.025428,-1.662786],[0.224238,-0.052832,-1.723849]],
	["#F00",[0.224238,-0.052832,-1.723849],[0.226929,0.016032,-1.756359],[0.263356,0.043436,-1.695297]],
	["#F00",[0.157363,-0.035135,-1.691897],[0.160054,0.03373,-1.724407],[0.226929,0.016032,-1.756359]],
	["#F00",[0.226929,0.016032,-1.756359],[0.224238,-0.052832,-1.723849],[0.157363,-0.035135,-1.691897]],
	["#F00",[0.226929,0.016032,-1.756359],[0.160054,0.03373,-1.724407],[0.19648,0.061133,-1.663344]],
	["#F00",[0.19648,0.061133,-1.663344],[0.263356,0.043436,-1.695297],[0.226929,0.016032,-1.756359]],
	["#F00",[0.260665,-0.025428,-1.662786],[0.19379,-0.007731,-1.630834],[0.157363,-0.035135,-1.691897]],
	["#F00",[0.157363,-0.035135,-1.691897],[0.224238,-0.052832,-1.723849],[0.260665,-0.025428,-1.662786]],
	["#F00",[0.070887,0.057326,-1.681804],[0.068196,-0.011539,-1.649294],[0.104622,0.015865,-1.588232]],
	["#F00",[0.104622,0.015865,-1.588232],[0.107313,0.084729,-1.620742],[0.070887,0.057326,-1.681804]],
	["#F00",[0.107313,0.084729,-1.620742],[0.104622,0.015865,-1.588232],[0.171498,-0.001832,-1.620184]],
	["#F00",[0.171498,-0.001832,-1.620184],[0.174188,0.067032,-1.652694],[0.107313,0.084729,-1.620742]],
	["#F00",[0.174188,0.067032,-1.652694],[0.171498,-0.001832,-1.620184],[0.135071,-0.029236,-1.681246]],
	["#F00",[0.135071,-0.029236,-1.681246],[0.137762,0.039629,-1.713756],[0.174188,0.067032,-1.652694]],
	["#F00",[0.068196,-0.011539,-1.649294],[0.070887,0.057326,-1.681804],[0.137762,0.039629,-1.713756]],
	["#F00",[0.137762,0.039629,-1.713756],[0.135071,-0.029236,-1.681246],[0.068196,-0.011539,-1.649294]],
	["#F00",[0.137762,0.039629,-1.713756],[0.070887,0.057326,-1.681804],[0.107313,0.084729,-1.620742]],
	["#F00",[0.107313,0.084729,-1.620742],[0.174188,0.067032,-1.652694],[0.137762,0.039629,-1.713756]],
	["#F00",[0.171498,-0.001832,-1.620184],[0.104622,0.015865,-1.588232],[0.068196,-0.011539,-1.649294]],
	["#F00",[0.068196,-0.011539,-1.649294],[0.135071,-0.029236,-1.681246],[0.171498,-0.001832,-1.620184]],
	["#F00",[-0.018281,0.080922,-1.639201],[-0.020971,0.012058,-1.606691],[0.015455,0.039461,-1.545629]],
	["#F00",[0.015455,0.039461,-1.545629],[0.018146,0.108326,-1.578139],[-0.018281,0.080922,-1.639201]],
	["#F00",[0.018146,0.108326,-1.578139],[0.015455,0.039461,-1.545629],[0.082331,0.021764,-1.577581]],
	["#F00",[0.082331,0.021764,-1.577581],[0.085021,0.090628,-1.610091],[0.018146,0.108326,-1.578139]],
	["#F00",[0.085021,0.090628,-1.610091],[0.082331,0.021764,-1.577581],[0.045904,-0.00564,-1.638643]],
	["#F00",[0.045904,-0.00564,-1.638643],[0.048595,0.063225,-1.671153],[0.085021,0.090628,-1.610091]],
	["#F00",[-0.020971,0.012058,-1.606691],[-0.018281,0.080922,-1.639201],[0.048595,0.063225,-1.671153]],
	["#F00",[0.048595,0.063225,-1.671153],[0.045904,-0.00564,-1.638643],[-0.020971,0.012058,-1.606691]],
	["#F00",[0.048595,0.063225,-1.671153],[-0.018281,0.080922,-1.639201],[0.018146,0.108326,-1.578139]],
	["#F00",[0.018146,0.108326,-1.578139],[0.085021,0.090628,-1.610091],[0.048595,0.063225,-1.671153]],
	["#F00",[0.082331,0.021764,-1.577581],[0.015455,0.039461,-1.545629],[-0.020971,0.012058,-1.606691]],
	["#F00",[-0.020971,0.012058,-1.606691],[0.045904,-0.00564,-1.638643],[0.082331,0.021764,-1.577581]],
	["#F00",[-0.107448,0.104518,-1.596598],[-0.110138,0.035654,-1.564088],[-0.073712,0.063057,-1.503026]],
	["#F00",[-0.073712,0.063057,-1.503026],[-0.071021,0.131922,-1.535536],[-0.107448,0.104518,-1.596598]],
	["#F00",[-0.071021,0.131922,-1.535536],[-0.073712,0.063057,-1.503026],[-0.006836,0.04536,-1.534978]],
	["#F00",[-0.006836,0.04536,-1.534978],[-0.004146,0.114225,-1.567488],[-0.071021,0.131922,-1.535536]],
	["#F00",[-0.004146,0.114225,-1.567488],[-0.006836,0.04536,-1.534978],[-0.043263,0.017957,-1.59604]],
	["#F00",[-0.043263,0.017957,-1.59604],[-0.040572,0.086821,-1.62855],[-0.004146,0.114225,-1.567488]],
	["#F00",[-0.110138,0.035654,-1.564088],[-0.107448,0.104518,-1.596598],[-0.040572,0.086821,-1.62855]],
	["#F00",[-0.040572,0.086821,-1.62855],[-0.043263,0.017957,-1.59604],[-0.110138,0.035654,-1.564088]],
	["#F00",[-0.040572,0.086821,-1.62855],[-0.107448,0.104518,-1.596598],[-0.071021,0.131922,-1.535536]],
	["#F00",[-0.071021,0.131922,-1.535536],[-0.004146,0.114225,-1.567488],[-0.040572,0.086821,-1.62855]],
	["#F00",[-0.006836,0.04536,-1.534978],[-0.073712,0.063057,-1.503026],[-0.110138,0.035654,-1.564088]],
	["#F00",[-0.110138,0.035654,-1.564088],[-0.043263,0.017957,-1.59604],[-0.006836,0.04536,-1.534978]],
	["#F00",[-0.196615,0.128114,-1.553995],[-0.199305,0.05925,-1.521485],[-0.162879,0.086654,-1.460423]],
	["#F00",[-0.162879,0.086654,-1.460423],[-0.160188,0.155518,-1.492933],[-0.196615,0.128114,-1.553995]],
	["#F00",[-0.160188,0.155518,-1.492933],[-0.162879,0.086654,-1.460423],[-0.096004,0.068956,-1.492375]],
	["#F00",[-0.096004,0.068956,-1.492375],[-0.093313,0.137821,-1.524885],[-0.160188,0.155518,-1.492933]],
	["#F00",[-0.093313,0.137821,-1.524885],[-0.096004,0.068956,-1.492375],[-0.13243,0.041553,-1.553437]],
	["#F00",[-0.13243,0.041553,-1.553437],[-0.129739,0.110417,-1.585948],[-0.093313,0.137821,-1.524885]],
	["#F00",[-0.199305,0.05925,-1.521485],[-0.196615,0.128114,-1.553995],[-0.129739,0.110417,-1.585948]],
	["#F00",[-0.129739,0.110417,-1.585948],[-0.13243,0.041553,-1.553437],[-0.199305,0.05925,-1.521485]],
	["#F00",[-0.129739,0.110417,-1.585948],[-0.196615,0.128114,-1.553995],[-0.160188,0.155518,-1.492933]],
	["#F00",[-0.160188,0.155518,-1.492933],[-0.093313,0.137821,-1.524885],[-0.129739,0.110417,-1.585948]],
	["#F00",[-0.096004,0.068956,-1.492375],[-0.162879,0.086654,-1.460423],[-0.199305,0.05925,-1.521485]],
	["#F00",[-0.199305,0.05925,-1.521485],[-0.13243,0.041553,-1.553437],[-0.096004,0.068956,-1.492375]],
	["#F00",[0.297789,0.046671,-1.685593],[0.295099,-0.022193,-1.653083],[0.331525,0.005211,-1.592021]],
	["#F00",[0.331525,0.005211,-1.592021],[0.334216,0.074075,-1.624531],[0.297789,0.046671,-1.685593]],
	["#F00",[0.334216,0.074075,-1.624531],[0.331525,0.005211,-1.592021],[0.398401,-0.012487,-1.623973]],
	["#F00",[0.398401,-0.012487,-1.623973],[0.401091,0.056378,-1.656483],[0.334216,0.074075,-1.624531]],
	["#F00",[0.401091,0.056378,-1.656483],[0.398401,-0.012487,-1.623973],[0.361974,-0.03989,-1.685035]],
	["#F00",[0.361974,-0.03989,-1.685035],[0.364665,0.028974,-1.717546],[0.401091,0.056378,-1.656483]],
	["#F00",[0.295099,-0.022193,-1.653083],[0.297789,0.046671,-1.685593],[0.364665,0.028974,-1.717546]],
	["#F00",[0.364665,0.028974,-1.717546],[0.361974,-0.03989,-1.685035],[0.295099,-0.022193,-1.653083]],
	["#F00",[0.364665,0.028974,-1.717546],[0.297789,0.046671,-1.685593],[0.334216,0.074075,-1.624531]],
	["#F00",[0.334216,0.074075,-1.624531],[0.401091,0.056378,-1.656483],[0.364665,0.028974,-1.717546]],
	["#F00",[0.351825,-0.024857,-1.654031],[0.360629,-0.074322,-1.66878],[0.397055,-0.046919,-1.607718]],
	["#F00",[0.397055,-0.046919,-1.607718],[0.363967,-0.015722,-1.633677],[0.351825,-0.024857,-1.654031]],
	["#F00",[0.363967,-0.015722,-1.633677],[0.397055,-0.046919,-1.607718],[0.33018,-0.029222,-1.575766]],
	["#F00",[0.33018,-0.029222,-1.575766],[0.341675,-0.009823,-1.623026],[0.363967,-0.015722,-1.633677]],
	["#F00",[0.341675,-0.009823,-1.623026],[0.33018,-0.029222,-1.575766],[0.293754,-0.056625,-1.636828]],
	["#F00",[0.293754,-0.056625,-1.636828],[0.329533,-0.018957,-1.64338],[0.341675,-0.009823,-1.623026]],
	["#F00",[0.293754,-0.056625,-1.636828],[0.360629,-0.074322,-1.66878],[0.351825,-0.024857,-1.654031]],
	["#F00",[0.351825,-0.024857,-1.654031],[0.329533,-0.018957,-1.64338],[0.293754,-0.056625,-1.636828]],
	["#F00",[0.361974,-0.03989,-1.685035],[0.398401,-0.012487,-1.623973],[0.363967,-0.015722,-1.633677]],
	["#F00",[0.363967,-0.015722,-1.633677],[0.351825,-0.024857,-1.654031],[0.361974,-0.03989,-1.685035]],
	["#F00",[0.398401,-0.012487,-1.623973],[0.331525,0.005211,-1.592021],[0.341675,-0.009823,-1.623026]],
	["#F00",[0.341675,-0.009823,-1.623026],[0.363967,-0.015722,-1.633677],[0.398401,-0.012487,-1.623973]],
	["#F00",[0.331525,0.005211,-1.592021],[0.295099,-0.022193,-1.653083],[0.329533,-0.018957,-1.64338]],
	["#F00",[0.329533,-0.018957,-1.64338],[0.341675,-0.009823,-1.623026],[0.331525,0.005211,-1.592021]],
	["#F00",[0.295099,-0.022193,-1.653083],[0.361974,-0.03989,-1.685035],[0.351825,-0.024857,-1.654031]],
	["#F00",[0.351825,-0.024857,-1.654031],[0.329533,-0.018957,-1.64338],[0.295099,-0.022193,-1.653083]],
	["#F00",[0.293754,-0.056625,-1.636828],[0.33018,-0.029222,-1.575766],[0.397055,-0.046919,-1.607718]],
	["#F00",[0.397055,-0.046919,-1.607718],[0.360629,-0.074322,-1.66878],[0.293754,-0.056625,-1.636828]],
	["#F00",[0.245049,0.097671,-1.581928],[0.208622,0.070268,-1.64299],[0.205932,0.001403,-1.61048]],
	["#F00",[0.205932,0.001403,-1.61048],[0.242358,0.028807,-1.549418],[0.245049,0.097671,-1.581928]],
	["#F00",[0.309234,0.01111,-1.58137],[0.272807,-0.016294,-1.642433],[0.275498,0.05257,-1.674943]],
	["#F00",[0.275498,0.05257,-1.674943],[0.311924,0.079974,-1.61388],[0.309234,0.01111,-1.58137]],
	["#F00",[0.205932,0.001403,-1.61048],[0.208622,0.070268,-1.64299],[0.275498,0.05257,-1.674943]],
	["#F00",[0.275498,0.05257,-1.674943],[0.272807,-0.016294,-1.642433],[0.205932,0.001403,-1.61048]],
	["#F00",[0.256237,-0.028176,-1.57967],[0.309234,0.01111,-1.58137],[0.242358,0.028807,-1.549418]],
	["#F00",[0.275498,0.05257,-1.674943],[0.208622,0.070268,-1.64299],[0.245049,0.097671,-1.581928]],
	["#F00",[0.245049,0.097671,-1.581928],[0.311924,0.079974,-1.61388],[0.275498,0.05257,-1.674943]],
	["#F00",[0.242358,0.028807,-1.549418],[0.309234,0.01111,-1.58137],[0.311924,0.079974,-1.61388]],
	["#F00",[0.311924,0.079974,-1.61388],[0.245049,0.097671,-1.581928],[0.242358,0.028807,-1.549418]],
	["#F00",[0.309234,0.01111,-1.58137],[0.256237,-0.028176,-1.57967],[0.272807,-0.016294,-1.642433]],
	["#F00",[0.242358,0.028807,-1.549418],[0.205932,0.001403,-1.61048],[0.256237,-0.028176,-1.57967]],
	["#F00",[0.205932,0.001403,-1.61048],[0.272807,-0.016294,-1.642433],[0.256237,-0.028176,-1.57967]],
	["#F00",[0.423383,0.050479,-1.667134],[0.386957,0.023075,-1.728196],[0.382921,-0.080221,-1.679431]],
	["#F00",[0.382921,-0.080221,-1.679431],[0.395063,-0.071087,-1.659077],[0.39596,-0.048132,-1.669914]],
	["#F00",[0.408102,-0.038998,-1.64956],[0.407205,-0.061952,-1.638723],[0.419347,-0.052818,-1.618369]],
	["#F00",[0.423383,0.050479,-1.667134],[0.382921,-0.080221,-1.679431],[0.39596,-0.048132,-1.669914]],
	["#F00",[0.408102,-0.038998,-1.64956],[0.419347,-0.052818,-1.618369],[0.423383,0.050479,-1.667134]],
	["#F00",[0.39596,-0.048132,-1.669914],[0.408102,-0.038998,-1.64956],[0.423383,0.050479,-1.667134]],
	["#F00",[0.453832,0.005378,-1.760148],[0.386957,0.023075,-1.728196],[0.423383,0.050479,-1.667134]],
	["#F00",[0.423383,0.050479,-1.667134],[0.490258,0.032782,-1.699086],[0.453832,0.005378,-1.760148]],
	["#F00",[0.386957,0.023075,-1.728196],[0.453832,0.005378,-1.760148],[0.449796,-0.097918,-1.711383]],
	["#F00",[0.449796,-0.097918,-1.711383],[0.427504,-0.092019,-1.700732],[0.428401,-0.069065,-1.711569]],
	["#F00",[0.406109,-0.063166,-1.700918],[0.405212,-0.08612,-1.690082],[0.382921,-0.080221,-1.679431]],
	["#F00",[0.386957,0.023075,-1.728196],[0.449796,-0.097918,-1.711383],[0.428401,-0.069065,-1.711569]],
	["#F00",[0.406109,-0.063166,-1.700918],[0.382921,-0.080221,-1.679431],[0.386957,0.023075,-1.728196]],
	["#F00",[0.428401,-0.069065,-1.711569],[0.406109,-0.063166,-1.700918],[0.386957,0.023075,-1.728196]],
	["#F00",[0.395063,-0.071087,-1.659077],[0.382921,-0.080221,-1.679431],[0.405212,-0.08612,-1.690082]],
	["#F00",[0.405212,-0.08612,-1.690082],[0.417355,-0.076986,-1.669728],[0.395063,-0.071087,-1.659077]],
	["#F00",[0.441639,-0.058717,-1.629019],[0.419347,-0.052818,-1.618369],[0.407205,-0.061952,-1.638723]],
	["#F00",[0.407205,-0.061952,-1.638723],[0.429497,-0.067851,-1.649374],[0.441639,-0.058717,-1.629019]],
	["#F00",[0.490258,0.032782,-1.699086],[0.423383,0.050479,-1.667134],[0.419347,-0.052818,-1.618369]],
	["#F00",[0.419347,-0.052818,-1.618369],[0.441639,-0.058717,-1.629019],[0.442536,-0.035762,-1.639856]],
	["#F00",[0.464828,-0.041661,-1.650507],[0.463931,-0.064616,-1.63967],[0.486222,-0.070515,-1.650321]],
	["#F00",[0.490258,0.032782,-1.699086],[0.419347,-0.052818,-1.618369],[0.442536,-0.035762,-1.639856]],
	["#F00",[0.464828,-0.041661,-1.650507],[0.486222,-0.070515,-1.650321],[0.490258,0.032782,-1.699086]],
	["#F00",[0.442536,-0.035762,-1.639856],[0.464828,-0.041661,-1.650507],[0.490258,0.032782,-1.699086]],
	["#F00",[0.453832,0.005378,-1.760148],[0.490258,0.032782,-1.699086],[0.486222,-0.070515,-1.650321]],
	["#F00",[0.486222,-0.070515,-1.650321],[0.47408,-0.079649,-1.670675],[0.474977,-0.056695,-1.681512]],
	["#F00",[0.462835,-0.065829,-1.701866],[0.461938,-0.088784,-1.691029],[0.449796,-0.097918,-1.711383]],
	["#F00",[0.453832,0.005378,-1.760148],[0.486222,-0.070515,-1.650321],[0.474977,-0.056695,-1.681512]],
	["#F00",[0.462835,-0.065829,-1.701866],[0.449796,-0.097918,-1.711383],[0.453832,0.005378,-1.760148]],
	["#F00",[0.474977,-0.056695,-1.681512],[0.462835,-0.065829,-1.701866],[0.453832,0.005378,-1.760148]],
	["#F00",[0.439646,-0.082885,-1.680378],[0.427504,-0.092019,-1.700732],[0.449796,-0.097918,-1.711383]],
	["#F00",[0.449796,-0.097918,-1.711383],[0.461938,-0.088784,-1.691029],[0.439646,-0.082885,-1.680378]],
	["#F00",[0.440543,-0.05993,-1.691215],[0.428401,-0.069065,-1.711569],[0.427504,-0.092019,-1.700732]],
	["#F00",[0.427504,-0.092019,-1.700732],[0.439646,-0.082885,-1.680378],[0.440543,-0.05993,-1.691215]],
	["#F00",[0.418251,-0.054031,-1.680564],[0.406109,-0.063166,-1.700918],[0.428401,-0.069065,-1.711569]],
	["#F00",[0.428401,-0.069065,-1.711569],[0.440543,-0.05993,-1.691215],[0.418251,-0.054031,-1.680564]],
	["#F00",[0.405212,-0.08612,-1.690082],[0.406109,-0.063166,-1.700918],[0.418251,-0.054031,-1.680564]],
	["#F00",[0.418251,-0.054031,-1.680564],[0.417355,-0.076986,-1.669728],[0.405212,-0.08612,-1.690082]],
	["#F00",[0.430394,-0.044897,-1.66021],[0.442536,-0.035762,-1.639856],[0.441639,-0.058717,-1.629019]],
	["#F00",[0.441639,-0.058717,-1.629019],[0.429497,-0.067851,-1.649374],[0.430394,-0.044897,-1.66021]],
	["#F00",[0.464828,-0.041661,-1.650507],[0.442536,-0.035762,-1.639856],[0.430394,-0.044897,-1.66021]],
	["#F00",[0.430394,-0.044897,-1.66021],[0.452685,-0.050796,-1.670861],[0.464828,-0.041661,-1.650507]],
	["#F00",[0.463931,-0.064616,-1.63967],[0.464828,-0.041661,-1.650507],[0.452685,-0.050796,-1.670861]],
	["#F00",[0.452685,-0.050796,-1.670861],[0.451789,-0.07375,-1.660024],[0.463931,-0.064616,-1.63967]],
	["#F00",[0.486222,-0.070515,-1.650321],[0.463931,-0.064616,-1.63967],[0.451789,-0.07375,-1.660024]],
	["#F00",[0.451789,-0.07375,-1.660024],[0.47408,-0.079649,-1.670675],[0.486222,-0.070515,-1.650321]],
	["#F00",[0.430394,-0.044897,-1.66021],[0.418251,-0.054031,-1.680564],[0.440543,-0.05993,-1.691215]],
	["#F00",[0.440543,-0.05993,-1.691215],[0.452685,-0.050796,-1.670861],[0.430394,-0.044897,-1.66021]],
	["#F00",[0.461938,-0.088784,-1.691029],[0.462835,-0.065829,-1.701866],[0.440543,-0.05993,-1.691215]],
	["#F00",[0.440543,-0.05993,-1.691215],[0.439646,-0.082885,-1.680378],[0.461938,-0.088784,-1.691029]],
	["#F00",[0.452685,-0.050796,-1.670861],[0.440543,-0.05993,-1.691215],[0.462835,-0.065829,-1.701866]],
	["#F00",[0.462835,-0.065829,-1.701866],[0.474977,-0.056695,-1.681512],[0.452685,-0.050796,-1.670861]],
	["#F00",[0.451789,-0.07375,-1.660024],[0.452685,-0.050796,-1.670861],[0.474977,-0.056695,-1.681512]],
	["#F00",[0.474977,-0.056695,-1.681512],[0.47408,-0.079649,-1.670675],[0.451789,-0.07375,-1.660024]],
	["#F00",[0.417355,-0.076986,-1.669728],[0.418251,-0.054031,-1.680564],[0.39596,-0.048132,-1.669914]],
	["#F00",[0.39596,-0.048132,-1.669914],[0.395063,-0.071087,-1.659077],[0.417355,-0.076986,-1.669728]],
	["#F00",[0.408102,-0.038998,-1.64956],[0.39596,-0.048132,-1.669914],[0.418251,-0.054031,-1.680564]],
	["#F00",[0.418251,-0.054031,-1.680564],[0.430394,-0.044897,-1.66021],[0.408102,-0.038998,-1.64956]],
	["#F00",[0.407205,-0.061952,-1.638723],[0.408102,-0.038998,-1.64956],[0.430394,-0.044897,-1.66021]],
	["#F00",[0.430394,-0.044897,-1.66021],[0.429497,-0.067851,-1.649374],[0.407205,-0.061952,-1.638723]],
	["#F00",[-0.594411,-0.069136,-2.004742],[0.118926,-0.257905,-2.345565],[0.507475,0.034399,-1.694234]],
	["#F00",[0.507475,0.034399,-1.694234],[-0.205862,0.223169,-1.353412],[-0.594411,-0.069136,-2.004742]],
	["#F00",[0.128209,-0.010562,-1.463655],[0.128881,0.006654,-1.471782],[0.062006,0.024351,-1.43983]],
	["#F00",[0.062006,0.024351,-1.43983],[0.061333,0.007135,-1.431702],[0.128209,-0.010562,-1.463655]],
	["#F00",[0.066715,0.144863,-1.496723],[0.030288,0.11746,-1.557785],[0.026252,0.014163,-1.50902]],
	["#F00",[0.026252,0.014163,-1.50902],[0.062679,0.041567,-1.447958],[0.066715,0.144863,-1.496723]],
	["#F00",[0.026252,0.014163,-1.50902],[0.030288,0.11746,-1.557785],[0.097163,0.099763,-1.589737]],
	["#F00",[0.097163,0.099763,-1.589737],[0.093128,-0.003534,-1.540972],[0.026252,0.014163,-1.50902]],
	["#F00",[0.061333,0.007135,-1.431702],[0.062006,0.024351,-1.43983],[0.02558,-0.003053,-1.500892]],
	["#F00",[0.02558,-0.003053,-1.500892],[0.024907,-0.020269,-1.492765],[0.061333,0.007135,-1.431702]],
	["#F00",[0.097163,0.099763,-1.589737],[0.030288,0.11746,-1.557785],[0.066715,0.144863,-1.496723]],
	["#F00",[0.066715,0.144863,-1.496723],[0.13359,0.127166,-1.528675],[0.097163,0.099763,-1.589737]],
	["#F00",[0.079095,-0.019174,-1.485961],[0.091782,-0.037966,-1.524717],[0.128209,-0.010562,-1.463655]],
	["#F00",[0.128209,-0.010562,-1.463655],[0.085166,-0.014607,-1.475784],[0.079095,-0.019174,-1.485961]],
	["#F00",[0.13359,0.127166,-1.528675],[0.066715,0.144863,-1.496723],[0.062679,0.041567,-1.447958]],
	["#F00",[0.062679,0.041567,-1.447958],[0.129554,0.02387,-1.47991],[0.13359,0.127166,-1.528675]],
	["#F00",[0.093128,-0.003534,-1.540972],[0.097163,0.099763,-1.589737],[0.13359,0.127166,-1.528675]],
	["#F00",[0.13359,0.127166,-1.528675],[0.129554,0.02387,-1.47991],[0.093128,-0.003534,-1.540972]],
	["#F00",[0.024907,-0.020269,-1.492765],[0.02558,-0.003053,-1.500892],[0.092455,-0.02075,-1.532844]],
	["#F00",[0.092455,-0.02075,-1.532844],[0.091782,-0.037966,-1.524717],[0.024907,-0.020269,-1.492765]],
	["#F00",[0.091782,-0.037966,-1.524717],[0.092455,-0.02075,-1.532844],[0.128881,0.006654,-1.471782]],
	["#F00",[0.128881,0.006654,-1.471782],[0.128209,-0.010562,-1.463655],[0.091782,-0.037966,-1.524717]],
	["#F00",[0.042796,-0.001435,-1.496041],[0.067081,0.016834,-1.455332],[0.067753,0.03405,-1.46346]],
	["#F00",[0.067753,0.03405,-1.46346],[0.043469,0.015781,-1.504168],[0.042796,-0.001435,-1.496041]],
	["#F00",[0.062679,0.041567,-1.447958],[0.067753,0.03405,-1.46346],[0.112337,0.022252,-1.484761]],
	["#F00",[0.112337,0.022252,-1.484761],[0.129554,0.02387,-1.47991],[0.062679,0.041567,-1.447958]],
	["#F00",[0.067081,0.016834,-1.455332],[0.042796,-0.001435,-1.496041],[0.02558,-0.003053,-1.500892]],
	["#F00",[0.02558,-0.003053,-1.500892],[0.062006,0.024351,-1.43983],[0.067081,0.016834,-1.455332]],
	["#F00",[0.062006,0.024351,-1.43983],[0.128881,0.006654,-1.471782],[0.111664,0.005036,-1.476634]],
	["#F00",[0.111664,0.005036,-1.476634],[0.067081,0.016834,-1.455332],[0.062006,0.024351,-1.43983]],
	["#F00",[0.088053,0.003983,-1.52547],[0.093128,-0.003534,-1.540972],[0.129554,0.02387,-1.47991]],
	["#F00",[0.129554,0.02387,-1.47991],[0.112337,0.022252,-1.484761],[0.088053,0.003983,-1.52547]],
	["#F00",[0.043469,0.015781,-1.504168],[0.026252,0.014163,-1.50902],[0.093128,-0.003534,-1.540972]],
	["#F00",[0.093128,-0.003534,-1.540972],[0.088053,0.003983,-1.52547],[0.043469,0.015781,-1.504168]],
	["#F00",[0.043469,0.015781,-1.504168],[0.088053,0.003983,-1.52547],[0.08738,-0.013233,-1.517342]],
	["#F00",[0.08738,-0.013233,-1.517342],[0.042796,-0.001435,-1.496041],[0.043469,0.015781,-1.504168]],
	["#F00",[0.128881,0.006654,-1.471782],[0.092455,-0.02075,-1.532844],[0.08738,-0.013233,-1.517342]],
	["#F00",[0.08738,-0.013233,-1.517342],[0.111664,0.005036,-1.476634],[0.128881,0.006654,-1.471782]],
	["#F00",[0.067081,0.016834,-1.455332],[0.111664,0.005036,-1.476634],[0.112337,0.022252,-1.484761]],
	["#F00",[0.112337,0.022252,-1.484761],[0.067753,0.03405,-1.46346],[0.067081,0.016834,-1.455332]],
	["#F00",[0.026252,0.014163,-1.50902],[0.043469,0.015781,-1.504168],[0.067753,0.03405,-1.46346]],
	["#F00",[0.067753,0.03405,-1.46346],[0.062679,0.041567,-1.447958],[0.026252,0.014163,-1.50902]],
	["#F00",[0.02558,-0.003053,-1.500892],[0.042796,-0.001435,-1.496041],[0.08738,-0.013233,-1.517342]],
	["#F00",[0.08738,-0.013233,-1.517342],[0.092455,-0.02075,-1.532844],[0.02558,-0.003053,-1.500892]],
	["#F00",[0.08738,-0.013233,-1.517342],[0.088053,0.003983,-1.52547],[0.112337,0.022252,-1.484761]],
	["#F00",[0.112337,0.022252,-1.484761],[0.111664,0.005036,-1.476634],[0.08738,-0.013233,-1.517342]],
	["#F00",[0.067949,-0.016224,-1.480636],[0.024907,-0.020269,-1.492765],[0.091782,-0.037966,-1.524717]],
	["#F00",[0.091782,-0.037966,-1.524717],[0.079095,-0.019174,-1.485961],[0.067949,-0.016224,-1.480636]],
	["#F00",[0.07402,-0.011657,-1.470459],[0.061333,0.007135,-1.431702],[0.024907,-0.020269,-1.492765]],
	["#F00",[0.024907,-0.020269,-1.492765],[0.067949,-0.016224,-1.480636],[0.07402,-0.011657,-1.470459]],
	["#F00",[0.061333,0.007135,-1.431702],[0.07402,-0.011657,-1.470459],[0.085166,-0.014607,-1.475784]],
	["#F00",[0.085166,-0.014607,-1.475784],[0.128209,-0.010562,-1.463655],[0.061333,0.007135,-1.431702]],
	["#F00",[0.067501,-0.027702,-1.475217],[0.067949,-0.016224,-1.480636],[0.079095,-0.019174,-1.485961]],
	["#F00",[0.078647,-0.030651,-1.480543],[0.089793,-0.033601,-1.485868],[0.089344,-0.045078,-1.48045]],
	["#F00",[0.067501,-0.027702,-1.475217],[0.079095,-0.019174,-1.485961],[0.078647,-0.030651,-1.480543]],
	["#F00",[0.055907,-0.03623,-1.464473],[0.056355,-0.024752,-1.469892],[0.067501,-0.027702,-1.475217]],
	["#F00",[0.07775,-0.053606,-1.469706],[0.066604,-0.050657,-1.464381],[0.067052,-0.039179,-1.469799]],
	["#F00",[0.067052,-0.039179,-1.469799],[0.055907,-0.03623,-1.464473],[0.067501,-0.027702,-1.475217]],
	["#F00",[0.067501,-0.027702,-1.475217],[0.078647,-0.030651,-1.480543],[0.089344,-0.045078,-1.48045]],
	["#F00",[0.078198,-0.042129,-1.475124],[0.07775,-0.053606,-1.469706],[0.067052,-0.039179,-1.469799]],
	["#F00",[0.067501,-0.027702,-1.475217],[0.089344,-0.045078,-1.48045],[0.078198,-0.042129,-1.475124]],
	["#F00",[0.078198,-0.042129,-1.475124],[0.067052,-0.039179,-1.469799],[0.067501,-0.027702,-1.475217]],
	["#F00",[0.084718,-0.026084,-1.470366],[0.085166,-0.014607,-1.475784],[0.07402,-0.011657,-1.470459]],
	["#F00",[0.073572,-0.023135,-1.46504],[0.062426,-0.020185,-1.459715],[0.061978,-0.031662,-1.454296]],
	["#F00",[0.084718,-0.026084,-1.470366],[0.07402,-0.011657,-1.470459],[0.073572,-0.023135,-1.46504]],
	["#F00",[0.095415,-0.040511,-1.470273],[0.095864,-0.029034,-1.475691],[0.084718,-0.026084,-1.470366]],
	["#F00",[0.072675,-0.046089,-1.454203],[0.083821,-0.049039,-1.459529],[0.084269,-0.037561,-1.464947]],
	["#F00",[0.084269,-0.037561,-1.464947],[0.095415,-0.040511,-1.470273],[0.084718,-0.026084,-1.470366]],
	["#F00",[0.084718,-0.026084,-1.470366],[0.073572,-0.023135,-1.46504],[0.061978,-0.031662,-1.454296]],
	["#F00",[0.073123,-0.034612,-1.459622],[0.072675,-0.046089,-1.454203],[0.084269,-0.037561,-1.464947]],
	["#F00",[0.084718,-0.026084,-1.470366],[0.061978,-0.031662,-1.454296],[0.073123,-0.034612,-1.459622]],
	["#F00",[0.073123,-0.034612,-1.459622],[0.084269,-0.037561,-1.464947],[0.084718,-0.026084,-1.470366]],
	["#F00",[0.079095,-0.019174,-1.485961],[0.085166,-0.014607,-1.475784],[0.084718,-0.026084,-1.470366]],
	["#F00",[0.084718,-0.026084,-1.470366],[0.078647,-0.030651,-1.480543],[0.079095,-0.019174,-1.485961]],
	["#F00",[0.078647,-0.030651,-1.480543],[0.084718,-0.026084,-1.470366],[0.095864,-0.029034,-1.475691]],
	["#F00",[0.095864,-0.029034,-1.475691],[0.089793,-0.033601,-1.485868],[0.078647,-0.030651,-1.480543]],
	["#F00",[0.089793,-0.033601,-1.485868],[0.095864,-0.029034,-1.475691],[0.095415,-0.040511,-1.470273]],
	["#F00",[0.095415,-0.040511,-1.470273],[0.089344,-0.045078,-1.48045],[0.089793,-0.033601,-1.485868]],
	["#F00",[0.078198,-0.042129,-1.475124],[0.089344,-0.045078,-1.48045],[0.095415,-0.040511,-1.470273]],
	["#F00",[0.095415,-0.040511,-1.470273],[0.084269,-0.037561,-1.464947],[0.078198,-0.042129,-1.475124]],
	["#F00",[0.078198,-0.042129,-1.475124],[0.084269,-0.037561,-1.464947],[0.083821,-0.049039,-1.459529]],
	["#F00",[0.083821,-0.049039,-1.459529],[0.07775,-0.053606,-1.469706],[0.078198,-0.042129,-1.475124]],
	["#F00",[0.07775,-0.053606,-1.469706],[0.083821,-0.049039,-1.459529],[0.072675,-0.046089,-1.454203]],
	["#F00",[0.072675,-0.046089,-1.454203],[0.066604,-0.050657,-1.464381],[0.07775,-0.053606,-1.469706]],
	["#F00",[0.067052,-0.039179,-1.469799],[0.066604,-0.050657,-1.464381],[0.072675,-0.046089,-1.454203]],
	["#F00",[0.072675,-0.046089,-1.454203],[0.073123,-0.034612,-1.459622],[0.067052,-0.039179,-1.469799]],
	["#F00",[0.067052,-0.039179,-1.469799],[0.073123,-0.034612,-1.459622],[0.061978,-0.031662,-1.454296]],
	["#F00",[0.061978,-0.031662,-1.454296],[0.055907,-0.03623,-1.464473],[0.067052,-0.039179,-1.469799]],
	["#F00",[0.056355,-0.024752,-1.469892],[0.055907,-0.03623,-1.464473],[0.061978,-0.031662,-1.454296]],
	["#F00",[0.061978,-0.031662,-1.454296],[0.062426,-0.020185,-1.459715],[0.056355,-0.024752,-1.469892]],
	["#F00",[0.067501,-0.027702,-1.475217],[0.056355,-0.024752,-1.469892],[0.062426,-0.020185,-1.459715]],
	["#F00",[0.062426,-0.020185,-1.459715],[0.073572,-0.023135,-1.46504],[0.067501,-0.027702,-1.475217]],
	["#F00",[0.067949,-0.016224,-1.480636],[0.067501,-0.027702,-1.475217],[0.073572,-0.023135,-1.46504]],
	["#F00",[0.073572,-0.023135,-1.46504],[0.07402,-0.011657,-1.470459],[0.067949,-0.016224,-1.480636]],
	["#F00",[0.217376,-0.034159,-1.506257],[0.218048,-0.016942,-1.514385],[0.151173,0.000755,-1.482433]],
	["#F00",[0.151173,0.000755,-1.482433],[0.1505,-0.016461,-1.474305],[0.217376,-0.034159,-1.506257]],
	["#F00",[0.155882,0.121267,-1.539325],[0.119455,0.093864,-1.600388],[0.115419,-0.009433,-1.551623]],
	["#F00",[0.115419,-0.009433,-1.551623],[0.151846,0.017971,-1.49056],[0.155882,0.121267,-1.539325]],
	["#F00",[0.115419,-0.009433,-1.551623],[0.119455,0.093864,-1.600388],[0.186331,0.076167,-1.63234]],
	["#F00",[0.186331,0.076167,-1.63234],[0.182295,-0.02713,-1.583575],[0.115419,-0.009433,-1.551623]],
	["#F00",[0.1505,-0.016461,-1.474305],[0.151173,0.000755,-1.482433],[0.114747,-0.026649,-1.543495]],
	["#F00",[0.114747,-0.026649,-1.543495],[0.114074,-0.043865,-1.535367],[0.1505,-0.016461,-1.474305]],
	["#F00",[0.186331,0.076167,-1.63234],[0.119455,0.093864,-1.600388],[0.155882,0.121267,-1.539325]],
	["#F00",[0.155882,0.121267,-1.539325],[0.222757,0.10357,-1.571278],[0.186331,0.076167,-1.63234]],
	["#F00",[0.217376,-0.034159,-1.506257],[0.1505,-0.016461,-1.474305],[0.114074,-0.043865,-1.535367]],
	["#F00",[0.114074,-0.043865,-1.535367],[0.180949,-0.061562,-1.56732],[0.217376,-0.034159,-1.506257]],
	["#F00",[0.222757,0.10357,-1.571278],[0.155882,0.121267,-1.539325],[0.151846,0.017971,-1.49056]],
	["#F00",[0.151846,0.017971,-1.49056],[0.218721,0.000274,-1.522512],[0.222757,0.10357,-1.571278]],
	["#F00",[0.182295,-0.02713,-1.583575],[0.186331,0.076167,-1.63234],[0.222757,0.10357,-1.571278]],
	["#F00",[0.222757,0.10357,-1.571278],[0.218721,0.000274,-1.522512],[0.182295,-0.02713,-1.583575]],
	["#F00",[0.114074,-0.043865,-1.535367],[0.114747,-0.026649,-1.543495],[0.181622,-0.044346,-1.575447]],
	["#F00",[0.181622,-0.044346,-1.575447],[0.180949,-0.061562,-1.56732],[0.114074,-0.043865,-1.535367]],
	["#F00",[0.180949,-0.061562,-1.56732],[0.181622,-0.044346,-1.575447],[0.218048,-0.016942,-1.514385]],
	["#F00",[0.218048,-0.016942,-1.514385],[0.217376,-0.034159,-1.506257],[0.180949,-0.061562,-1.56732]],
	["#F00",[0.131964,-0.025031,-1.538643],[0.156248,-0.006762,-1.497935],[0.156921,0.010454,-1.506063]],
	["#F00",[0.156921,0.010454,-1.506063],[0.132636,-0.007815,-1.546771],[0.131964,-0.025031,-1.538643]],
	["#F00",[0.151846,0.017971,-1.49056],[0.156921,0.010454,-1.506063],[0.201504,-0.001344,-1.527364]],
	["#F00",[0.201504,-0.001344,-1.527364],[0.218721,0.000274,-1.522512],[0.151846,0.017971,-1.49056]],
	["#F00",[0.156248,-0.006762,-1.497935],[0.131964,-0.025031,-1.538643],[0.114747,-0.026649,-1.543495]],
	["#F00",[0.114747,-0.026649,-1.543495],[0.151173,0.000755,-1.482433],[0.156248,-0.006762,-1.497935]],
	["#F00",[0.151173,0.000755,-1.482433],[0.218048,-0.016942,-1.514385],[0.200831,-0.01856,-1.519237]],
	["#F00",[0.200831,-0.01856,-1.519237],[0.156248,-0.006762,-1.497935],[0.151173,0.000755,-1.482433]],
	["#F00",[0.17722,-0.019613,-1.568072],[0.182295,-0.02713,-1.583575],[0.218721,0.000274,-1.522512]],
	["#F00",[0.218721,0.000274,-1.522512],[0.201504,-0.001344,-1.527364],[0.17722,-0.019613,-1.568072]],
	["#F00",[0.132636,-0.007815,-1.546771],[0.115419,-0.009433,-1.551623],[0.182295,-0.02713,-1.583575]],
	["#F00",[0.182295,-0.02713,-1.583575],[0.17722,-0.019613,-1.568072],[0.132636,-0.007815,-1.546771]],
	["#F00",[0.132636,-0.007815,-1.546771],[0.17722,-0.019613,-1.568072],[0.176547,-0.036829,-1.559945]],
	["#F00",[0.176547,-0.036829,-1.559945],[0.131964,-0.025031,-1.538643],[0.132636,-0.007815,-1.546771]],
	["#F00",[0.218048,-0.016942,-1.514385],[0.181622,-0.044346,-1.575447],[0.176547,-0.036829,-1.559945]],
	["#F00",[0.176547,-0.036829,-1.559945],[0.200831,-0.01856,-1.519237],[0.218048,-0.016942,-1.514385]],
	["#F00",[0.156248,-0.006762,-1.497935],[0.200831,-0.01856,-1.519237],[0.201504,-0.001344,-1.527364]],
	["#F00",[0.201504,-0.001344,-1.527364],[0.156921,0.010454,-1.506063],[0.156248,-0.006762,-1.497935]],
	["#F00",[0.115419,-0.009433,-1.551623],[0.132636,-0.007815,-1.546771],[0.156921,0.010454,-1.506063]],
	["#F00",[0.156921,0.010454,-1.506063],[0.151846,0.017971,-1.49056],[0.115419,-0.009433,-1.551623]],
	["#F00",[0.114747,-0.026649,-1.543495],[0.131964,-0.025031,-1.538643],[0.176547,-0.036829,-1.559945]],
	["#F00",[0.176547,-0.036829,-1.559945],[0.181622,-0.044346,-1.575447],[0.114747,-0.026649,-1.543495]],
	["#F00",[0.176547,-0.036829,-1.559945],[0.17722,-0.019613,-1.568072],[0.201504,-0.001344,-1.527364]],
	["#F00",[0.201504,-0.001344,-1.527364],[0.200831,-0.01856,-1.519237],[0.176547,-0.036829,-1.559945]],
	["#F00",[-0.148046,0.164652,-1.472579],[-0.150737,0.095788,-1.440069],[-0.11431,0.123192,-1.379007]],
	["#F00",[-0.11431,0.123192,-1.379007],[-0.11162,0.192056,-1.411517],[-0.148046,0.164652,-1.472579]],
	["#F00",[-0.11162,0.192056,-1.411517],[-0.11431,0.123192,-1.379007],[-0.047435,0.105494,-1.410959]],
	["#F00",[-0.047435,0.105494,-1.410959],[-0.044744,0.174359,-1.443469],[-0.11162,0.192056,-1.411517]],
	["#F00",[-0.044744,0.174359,-1.443469],[-0.047435,0.105494,-1.410959],[-0.083861,0.078091,-1.472021]],
	["#F00",[-0.083861,0.078091,-1.472021],[-0.081171,0.146955,-1.504531],[-0.044744,0.174359,-1.443469]],
	["#F00",[-0.150737,0.095788,-1.440069],[-0.148046,0.164652,-1.472579],[-0.081171,0.146955,-1.504531]],
	["#F00",[-0.081171,0.146955,-1.504531],[-0.083861,0.078091,-1.472021],[-0.150737,0.095788,-1.440069]],
	["#F00",[-0.081171,0.146955,-1.504531],[-0.148046,0.164652,-1.472579],[-0.11162,0.192056,-1.411517]],
	["#F00",[-0.11162,0.192056,-1.411517],[-0.044744,0.174359,-1.443469],[-0.081171,0.146955,-1.504531]],
	["#F00",[-0.094011,0.093124,-1.441016],[-0.085207,0.043659,-1.455766],[-0.04878,0.071062,-1.394704]],
	["#F00",[-0.04878,0.071062,-1.394704],[-0.081869,0.102259,-1.420662],[-0.094011,0.093124,-1.441016]],
	["#F00",[-0.081869,0.102259,-1.420662],[-0.04878,0.071062,-1.394704],[-0.115656,0.088759,-1.362752]],
	["#F00",[-0.115656,0.088759,-1.362752],[-0.104161,0.108158,-1.410012],[-0.081869,0.102259,-1.420662]],
	["#F00",[-0.104161,0.108158,-1.410012],[-0.115656,0.088759,-1.362752],[-0.152082,0.061356,-1.423814]],
	["#F00",[-0.152082,0.061356,-1.423814],[-0.116303,0.099023,-1.430366],[-0.104161,0.108158,-1.410012]],
	["#F00",[-0.152082,0.061356,-1.423814],[-0.085207,0.043659,-1.455766],[-0.094011,0.093124,-1.441016]],
	["#F00",[-0.094011,0.093124,-1.441016],[-0.116303,0.099023,-1.430366],[-0.152082,0.061356,-1.423814]],
	["#F00",[-0.083861,0.078091,-1.472021],[-0.047435,0.105494,-1.410959],[-0.081869,0.102259,-1.420662]],
	["#F00",[-0.081869,0.102259,-1.420662],[-0.094011,0.093124,-1.441016],[-0.083861,0.078091,-1.472021]],
	["#F00",[-0.047435,0.105494,-1.410959],[-0.11431,0.123192,-1.379007],[-0.104161,0.108158,-1.410012]],
	["#F00",[-0.104161,0.108158,-1.410012],[-0.081869,0.102259,-1.420662],[-0.047435,0.105494,-1.410959]],
	["#F00",[-0.11431,0.123192,-1.379007],[-0.150737,0.095788,-1.440069],[-0.116303,0.099023,-1.430366]],
	["#F00",[-0.116303,0.099023,-1.430366],[-0.104161,0.108158,-1.410012],[-0.11431,0.123192,-1.379007]],
	["#F00",[-0.150737,0.095788,-1.440069],[-0.083861,0.078091,-1.472021],[-0.094011,0.093124,-1.441016]],
	["#F00",[-0.094011,0.093124,-1.441016],[-0.116303,0.099023,-1.430366],[-0.150737,0.095788,-1.440069]],
	["#F00",[-0.152082,0.061356,-1.423814],[-0.115656,0.088759,-1.362752],[-0.04878,0.071062,-1.394704]],
	["#F00",[-0.04878,0.071062,-1.394704],[-0.085207,0.043659,-1.455766],[-0.152082,0.061356,-1.423814]],
	["#F00",[-0.022453,0.16846,-1.45412],[-0.058879,0.141056,-1.515182],[-0.06157,0.072192,-1.482672]],
	["#F00",[-0.06157,0.072192,-1.482672],[-0.025143,0.099595,-1.42161],[-0.022453,0.16846,-1.45412]],
	["#F00",[0.041732,0.081898,-1.453562],[0.005306,0.054495,-1.514624],[0.007996,0.123359,-1.547134]],
	["#F00",[0.007996,0.123359,-1.547134],[0.044423,0.150763,-1.486072],[0.041732,0.081898,-1.453562]],
	["#F00",[-0.06157,0.072192,-1.482672],[-0.058879,0.141056,-1.515182],[0.007996,0.123359,-1.547134]],
	["#F00",[0.007996,0.123359,-1.547134],[0.005306,0.054495,-1.514624],[-0.06157,0.072192,-1.482672]],
	["#F00",[-0.011264,0.042613,-1.451862],[0.041732,0.081898,-1.453562],[-0.025143,0.099595,-1.42161]],
	["#F00",[0.007996,0.123359,-1.547134],[-0.058879,0.141056,-1.515182],[-0.022453,0.16846,-1.45412]],
	["#F00",[-0.022453,0.16846,-1.45412],[0.044423,0.150763,-1.486072],[0.007996,0.123359,-1.547134]],
	["#F00",[-0.025143,0.099595,-1.42161],[0.041732,0.081898,-1.453562],[0.044423,0.150763,-1.486072]],
	["#F00",[0.044423,0.150763,-1.486072],[-0.022453,0.16846,-1.45412],[-0.025143,0.099595,-1.42161]],
	["#F00",[0.041732,0.081898,-1.453562],[-0.011264,0.042613,-1.451862],[0.005306,0.054495,-1.514624]],
	["#F00",[-0.025143,0.099595,-1.42161],[-0.06157,0.072192,-1.482672],[-0.011264,0.042613,-1.451862]],
	["#F00",[-0.06157,0.072192,-1.482672],[0.005306,0.054495,-1.514624],[-0.011264,0.042613,-1.451862]],
	["#F00",[-0.200787,0.215652,-1.368914],[-0.237213,0.188249,-1.429976],[-0.241249,0.084952,-1.381211]],
	["#F00",[-0.241249,0.084952,-1.381211],[-0.229107,0.094087,-1.360857],[-0.22821,0.117041,-1.371694]],
	["#F00",[-0.216068,0.126176,-1.35134],[-0.216965,0.103221,-1.340503],[-0.204823,0.112356,-1.320149]],
	["#F00",[-0.200787,0.215652,-1.368914],[-0.241249,0.084952,-1.381211],[-0.22821,0.117041,-1.371694]],
	["#F00",[-0.216068,0.126176,-1.35134],[-0.204823,0.112356,-1.320149],[-0.200787,0.215652,-1.368914]],
	["#F00",[-0.22821,0.117041,-1.371694],[-0.216068,0.126176,-1.35134],[-0.200787,0.215652,-1.368914]],
	["#F00",[-0.170338,0.170551,-1.461928],[-0.237213,0.188249,-1.429976],[-0.200787,0.215652,-1.368914]],
	["#F00",[-0.200787,0.215652,-1.368914],[-0.133911,0.197955,-1.400866],[-0.170338,0.170551,-1.461928]],
	["#F00",[-0.237213,0.188249,-1.429976],[-0.170338,0.170551,-1.461928],[-0.174374,0.067255,-1.413163]],
	["#F00",[-0.174374,0.067255,-1.413163],[-0.196666,0.073154,-1.402513],[-0.195769,0.096109,-1.413349]],
	["#F00",[-0.218061,0.102008,-1.402699],[-0.218957,0.079053,-1.391862],[-0.241249,0.084952,-1.381211]],
	["#F00",[-0.237213,0.188249,-1.429976],[-0.174374,0.067255,-1.413163],[-0.195769,0.096109,-1.413349]],
	["#F00",[-0.218061,0.102008,-1.402699],[-0.241249,0.084952,-1.381211],[-0.237213,0.188249,-1.429976]],
	["#F00",[-0.195769,0.096109,-1.413349],[-0.218061,0.102008,-1.402699],[-0.237213,0.188249,-1.429976]],
	["#F00",[-0.229107,0.094087,-1.360857],[-0.241249,0.084952,-1.381211],[-0.218957,0.079053,-1.391862]],
	["#F00",[-0.218957,0.079053,-1.391862],[-0.206815,0.088188,-1.371508],[-0.229107,0.094087,-1.360857]],
	["#F00",[-0.182531,0.106457,-1.3308],[-0.204823,0.112356,-1.320149],[-0.216965,0.103221,-1.340503]],
	["#F00",[-0.216965,0.103221,-1.340503],[-0.194673,0.097322,-1.351154],[-0.182531,0.106457,-1.3308]],
	["#F00",[-0.133911,0.197955,-1.400866],[-0.200787,0.215652,-1.368914],[-0.204823,0.112356,-1.320149]],
	["#F00",[-0.204823,0.112356,-1.320149],[-0.182531,0.106457,-1.3308],[-0.181634,0.129411,-1.341636]],
	["#F00",[-0.159342,0.123512,-1.352287],[-0.160239,0.100558,-1.34145],[-0.137947,0.094658,-1.352101]],
	["#F00",[-0.133911,0.197955,-1.400866],[-0.204823,0.112356,-1.320149],[-0.181634,0.129411,-1.341636]],
	["#F00",[-0.159342,0.123512,-1.352287],[-0.137947,0.094658,-1.352101],[-0.133911,0.197955,-1.400866]],
	["#F00",[-0.181634,0.129411,-1.341636],[-0.159342,0.123512,-1.352287],[-0.133911,0.197955,-1.400866]],
	["#F00",[-0.170338,0.170551,-1.461928],[-0.133911,0.197955,-1.400866],[-0.137947,0.094658,-1.352101]],
	["#F00",[-0.137947,0.094658,-1.352101],[-0.15009,0.085524,-1.372455],[-0.149193,0.108479,-1.383292]],
	["#F00",[-0.161335,0.099344,-1.403646],[-0.162232,0.076389,-1.392809],[-0.174374,0.067255,-1.413163]],
	["#F00",[-0.170338,0.170551,-1.461928],[-0.137947,0.094658,-1.352101],[-0.149193,0.108479,-1.383292]],
	["#F00",[-0.161335,0.099344,-1.403646],[-0.174374,0.067255,-1.413163],[-0.170338,0.170551,-1.461928]],
	["#F00",[-0.149193,0.108479,-1.383292],[-0.161335,0.099344,-1.403646],[-0.170338,0.170551,-1.461928]],
	["#F00",[-0.184524,0.082288,-1.382159],[-0.196666,0.073154,-1.402513],[-0.174374,0.067255,-1.413163]],
	["#F00",[-0.174374,0.067255,-1.413163],[-0.162232,0.076389,-1.392809],[-0.184524,0.082288,-1.382159]],
	["#F00",[-0.183627,0.105243,-1.392995],[-0.195769,0.096109,-1.413349],[-0.196666,0.073154,-1.402513]],
	["#F00",[-0.196666,0.073154,-1.402513],[-0.184524,0.082288,-1.382159],[-0.183627,0.105243,-1.392995]],
	["#F00",[-0.205918,0.111142,-1.382344],[-0.218061,0.102008,-1.402699],[-0.195769,0.096109,-1.413349]],
	["#F00",[-0.195769,0.096109,-1.413349],[-0.183627,0.105243,-1.392995],[-0.205918,0.111142,-1.382344]],
	["#F00",[-0.218957,0.079053,-1.391862],[-0.218061,0.102008,-1.402699],[-0.205918,0.111142,-1.382344]],
	["#F00",[-0.205918,0.111142,-1.382344],[-0.206815,0.088188,-1.371508],[-0.218957,0.079053,-1.391862]],
	["#F00",[-0.193776,0.120277,-1.36199],[-0.181634,0.129411,-1.341636],[-0.182531,0.106457,-1.3308]],
	["#F00",[-0.182531,0.106457,-1.3308],[-0.194673,0.097322,-1.351154],[-0.193776,0.120277,-1.36199]],
	["#F00",[-0.159342,0.123512,-1.352287],[-0.181634,0.129411,-1.341636],[-0.193776,0.120277,-1.36199]],
	["#F00",[-0.193776,0.120277,-1.36199],[-0.171484,0.114378,-1.372641],[-0.159342,0.123512,-1.352287]],
	["#F00",[-0.160239,0.100558,-1.34145],[-0.159342,0.123512,-1.352287],[-0.171484,0.114378,-1.372641]],
	["#F00",[-0.171484,0.114378,-1.372641],[-0.172381,0.091423,-1.361804],[-0.160239,0.100558,-1.34145]],
	["#F00",[-0.137947,0.094658,-1.352101],[-0.160239,0.100558,-1.34145],[-0.172381,0.091423,-1.361804]],
	["#F00",[-0.172381,0.091423,-1.361804],[-0.15009,0.085524,-1.372455],[-0.137947,0.094658,-1.352101]],
	["#F00",[-0.193776,0.120277,-1.36199],[-0.205918,0.111142,-1.382344],[-0.183627,0.105243,-1.392995]],
	["#F00",[-0.183627,0.105243,-1.392995],[-0.171484,0.114378,-1.372641],[-0.193776,0.120277,-1.36199]],
	["#F00",[-0.162232,0.076389,-1.392809],[-0.161335,0.099344,-1.403646],[-0.183627,0.105243,-1.392995]],
	["#F00",[-0.183627,0.105243,-1.392995],[-0.184524,0.082288,-1.382159],[-0.162232,0.076389,-1.392809]],
	["#F00",[-0.171484,0.114378,-1.372641],[-0.183627,0.105243,-1.392995],[-0.161335,0.099344,-1.403646]],
	["#F00",[-0.161335,0.099344,-1.403646],[-0.149193,0.108479,-1.383292],[-0.171484,0.114378,-1.372641]],
	["#F00",[-0.172381,0.091423,-1.361804],[-0.171484,0.114378,-1.372641],[-0.149193,0.108479,-1.383292]],
	["#F00",[-0.149193,0.108479,-1.383292],[-0.15009,0.085524,-1.372455],[-0.172381,0.091423,-1.361804]],
	["#F00",[-0.206815,0.088188,-1.371508],[-0.205918,0.111142,-1.382344],[-0.22821,0.117041,-1.371694]],
	["#F00",[-0.22821,0.117041,-1.371694],[-0.229107,0.094087,-1.360857],[-0.206815,0.088188,-1.371508]],
	["#F00",[-0.216068,0.126176,-1.35134],[-0.22821,0.117041,-1.371694],[-0.205918,0.111142,-1.382344]],
	["#F00",[-0.205918,0.111142,-1.382344],[-0.193776,0.120277,-1.36199],[-0.216068,0.126176,-1.35134]],
	["#F00",[-0.216965,0.103221,-1.340503],[-0.216068,0.126176,-1.35134],[-0.193776,0.120277,-1.36199]],
	["#F00",[-0.193776,0.120277,-1.36199],[-0.194673,0.097322,-1.351154],[-0.216965,0.103221,-1.340503]],
	["#F00",[-0.285782,0.151711,-1.511392],[-0.288473,0.082846,-1.478882],[-0.252046,0.11025,-1.41782]],
	["#F00",[-0.252046,0.11025,-1.41782],[-0.249355,0.179114,-1.45033],[-0.285782,0.151711,-1.511392]],
	["#F00",[-0.249355,0.179114,-1.45033],[-0.252046,0.11025,-1.41782],[-0.185171,0.092553,-1.449772]],
	["#F00",[-0.185171,0.092553,-1.449772],[-0.18248,0.161417,-1.482282],[-0.249355,0.179114,-1.45033]],
	["#F00",[-0.18248,0.161417,-1.482282],[-0.185171,0.092553,-1.449772],[-0.221597,0.065149,-1.510835]],
	["#F00",[-0.221597,0.065149,-1.510835],[-0.218907,0.134013,-1.543345],[-0.18248,0.161417,-1.482282]],
	["#F00",[-0.288473,0.082846,-1.478882],[-0.285782,0.151711,-1.511392],[-0.218907,0.134013,-1.543345]],
	["#F00",[-0.218907,0.134013,-1.543345],[-0.221597,0.065149,-1.510835],[-0.288473,0.082846,-1.478882]],
	["#F00",[-0.218907,0.134013,-1.543345],[-0.285782,0.151711,-1.511392],[-0.249355,0.179114,-1.45033]],
	["#F00",[-0.249355,0.179114,-1.45033],[-0.18248,0.161417,-1.482282],[-0.218907,0.134013,-1.543345]],
	["#F00",[-0.185171,0.092553,-1.449772],[-0.252046,0.11025,-1.41782],[-0.288473,0.082846,-1.478882]],
	["#F00",[-0.288473,0.082846,-1.478882],[-0.221597,0.065149,-1.510835],[-0.185171,0.092553,-1.449772]]
]
