[
	["#F00",[-1,-0,-7],[1,0,-7],[1,0.19509,-7.019215]],
	["#F00",[1,0.19509,-7.019215],[-1,0.19509,-7.019215],[-1,-0,-7]],
	["#F00",[-1,0.19509,-7.019215],[1,0.19509,-7.019215],[1,0.382683,-7.07612]],
	["#F00",[1,0.382683,-7.07612],[-1,0.382683,-7.07612],[-1,0.19509,-7.019215]],
	["#F00",[-1,0.382683,-7.07612],[1,0.382683,-7.07612],[1,0.55557,-7.16853]],
	["#F00",[1,0.55557,-7.16853],[-1,0.55557,-7.16853],[-1,0.382683,-7.07612]],
	["#F00",[-1,0.55557,-7.16853],[1,0.55557,-7.16853],[1,0.707107,-7.292893]],
	["#F00",[1,0.707107,-7.292893],[-1,0.707107,-7.292893],[-1,0.55557,-7.16853]],
	["#F00",[-1,0.707107,-7.292893],[1,0.707107,-7.292893],[1,0.83147,-7.44443]],
	["#F00",[1,0.83147,-7.44443],[-1,0.83147,-7.44443],[-1,0.707107,-7.292893]],
	["#F00",[-1,0.83147,-7.44443],[1,0.83147,-7.44443],[1,0.92388,-7.617317]],
	["#F00",[1,0.92388,-7.617317],[-1,0.923879,-7.617317],[-1,0.83147,-7.44443]],
	["#F00",[-1,0.923879,-7.617317],[1,0.92388,-7.617317],[1,0.980785,-7.80491]],
	["#F00",[1,0.980785,-7.80491],[-1,0.980785,-7.80491],[-1,0.923879,-7.617317]],
	["#F00",[-1,0.980785,-7.80491],[1,0.980785,-7.80491],[1,1,-8]],
	["#F00",[1,1,-8],[-1,1,-8],[-1,0.980785,-7.80491]],
	["#F00",[-1,1,-8],[1,1,-8],[1,0.980785,-8.19509]],
	["#F00",[1,0.980785,-8.19509],[-1,0.980785,-8.19509],[-1,1,-8]],
	["#F00",[-1,0.980785,-8.19509],[1,0.980785,-8.19509],[1,0.92388,-8.382683]],
	["#F00",[1,0.92388,-8.382683],[-1,0.92388,-8.382683],[-1,0.980785,-8.19509]],
	["#F00",[-1,0.92388,-8.382683],[1,0.92388,-8.382683],[1,0.83147,-8.555571]],
	["#F00",[1,0.83147,-8.555571],[-1,0.83147,-8.555571],[-1,0.92388,-8.382683]],
	["#F00",[-1,0.83147,-8.555571],[1,0.83147,-8.555571],[1,0.707107,-8.707107]],
	["#F00",[1,0.707107,-8.707107],[-1,0.707107,-8.707107],[-1,0.83147,-8.555571]],
	["#F00",[-1,0.707107,-8.707107],[1,0.707107,-8.707107],[1,0.55557,-8.83147]],
	["#F00",[1,0.55557,-8.83147],[-1,0.55557,-8.83147],[-1,0.707107,-8.707107]],
	["#F00",[-1,0.55557,-8.83147],[1,0.55557,-8.83147],[1,0.382683,-8.92388]],
	["#F00",[1,0.382683,-8.92388],[-1,0.382683,-8.92388],[-1,0.55557,-8.83147]],
	["#F00",[-1,0.382683,-8.92388],[1,0.382683,-8.92388],[1,0.19509,-8.980785]],
	["#F00",[1,0.19509,-8.980785],[-1,0.19509,-8.980785],[-1,0.382683,-8.92388]],
	["#F00",[-1,0.19509,-8.980785],[1,0.19509,-8.980785],[1,-0,-9]],
	["#F00",[1,-0,-9],[-1,-0,-9],[-1,0.19509,-8.980785]],
	["#F00",[-1,-0,-9],[1,-0,-9],[1,-0.195091,-8.980785]],
	["#F00",[1,-0.195091,-8.980785],[-1,-0.195091,-8.980785],[-1,-0,-9]],
	["#F00",[-1,-0.195091,-8.980785],[1,-0.195091,-8.980785],[1,-0.382684,-8.92388]],
	["#F00",[1,-0.382684,-8.92388],[-1,-0.382684,-8.92388],[-1,-0.195091,-8.980785]],
	["#F00",[-1,-0.382684,-8.92388],[1,-0.382684,-8.92388],[1,-0.555571,-8.83147]],
	["#F00",[1,-0.555571,-8.83147],[-1,-0.555571,-8.83147],[-1,-0.382684,-8.92388]],
	["#F00",[-1,-0.555571,-8.83147],[1,-0.555571,-8.83147],[1,-0.707107,-8.707107]],
	["#F00",[1,-0.707107,-8.707107],[-1,-0.707107,-8.707107],[-1,-0.555571,-8.83147]],
	["#F00",[-1,-0.707107,-8.707107],[1,-0.707107,-8.707107],[1,-0.83147,-8.55557]],
	["#F00",[1,-0.83147,-8.55557],[-1,-0.83147,-8.55557],[-1,-0.707107,-8.707107]],
	["#F00",[-1,-0.83147,-8.55557],[1,-0.83147,-8.55557],[1,-0.92388,-8.382683]],
	["#F00",[1,-0.92388,-8.382683],[-1,-0.92388,-8.382683],[-1,-0.83147,-8.55557]],
	["#F00",[-1,-0.92388,-8.382683],[1,-0.92388,-8.382683],[1,-0.980785,-8.195089]],
	["#F00",[1,-0.980785,-8.195089],[-1,-0.980785,-8.195089],[-1,-0.92388,-8.382683]],
	["#F00",[-1,-0.980785,-8.195089],[1,-0.980785,-8.195089],[1,-1,-7.999999]],
	["#F00",[1,-1,-7.999999],[-1,-1,-7.999999],[-1,-0.980785,-8.195089]],
	["#F00",[-1,-1,-7.999999],[1,-1,-7.999999],[1,-0.980785,-7.804909]],
	["#F00",[1,-0.980785,-7.804909],[-1,-0.980785,-7.804909],[-1,-1,-7.999999]],
	["#F00",[-1,-0.980785,-7.804909],[1,-0.980785,-7.804909],[1,-0.923879,-7.617315]],
	["#F00",[1,-0.923879,-7.617315],[-1,-0.923879,-7.617315],[-1,-0.980785,-7.804909]],
	["#F00",[-1,-0.923879,-7.617315],[1,-0.923879,-7.617315],[1,-0.831469,-7.444429]],
	["#F00",[1,-0.831469,-7.444429],[-1,-0.831469,-7.444429],[-1,-0.923879,-7.617315]],
	["#F00",[-1,-0.831469,-7.444429],[1,-0.831469,-7.444429],[1,-0.707106,-7.292892]],
	["#F00",[1,-0.707106,-7.292892],[-1,-0.707106,-7.292892],[-1,-0.831469,-7.444429]],
	["#F00",[-1,-0.707106,-7.292892],[1,-0.707106,-7.292892],[1,-0.555569,-7.16853]],
	["#F00",[1,-0.555569,-7.16853],[-1,-0.555569,-7.16853],[-1,-0.707106,-7.292892]],
	["#F00",[-1,-0.555569,-7.16853],[1,-0.555569,-7.16853],[1,-0.382682,-7.07612]],
	["#F00",[1,-0.382682,-7.07612],[-1,-0.382682,-7.07612],[-1,-0.555569,-7.16853]],
	["#F00",[-1,-0.382682,-7.07612],[1,-0.382682,-7.07612],[1,-0.195089,-7.019215]],
	["#F00",[1,-0.195089,-7.019215],[-1,-0.195089,-7.019215],[-1,-0.382682,-7.07612]],
	["#F00",[1,0,-7],[-1,-0,-7],[-1,-0.195089,-7.019215]],
	["#F00",[-1,-0.195089,-7.019215],[1,-0.195089,-7.019215],[1,0,-7]]
]
